,mu1,lam1,mu2,sigma2,mu3,sigma3,w1,w2,w3,Target,Stimulation
0,0.029999678476306725,0.023171010557748017,0.05000000163632189,0.03430163018533389,0.26244914731329083,0.26887751482413813,0.7311870269044639,0.268812972807182,2.883540114944937e-10,0.0,0.0
0,0.029999993687637064,0.02347580701159888,0.05000000000016684,0.031376410012771486,0.2617758979348609,0.2668429925862265,0.7632963349163872,0.23670366507006624,1.3546731592597176e-11,0.0,0.0
0,0.029999996495500846,0.02396573413692048,0.05000000000000728,0.030066921939422613,0.2386671914370272,0.23911130831537558,0.7493164008741281,0.2506835991258384,3.336532480533609e-14,0.0,0.0
0,0.029999995219490858,0.023046526213656365,0.05000000000000022,0.032306696825551984,0.2426215010909829,0.2550360652537196,0.7612656433930534,0.23873435660662806,3.187152423004267e-13,0.0,0.0
0,0.02999999660736702,0.024478114141395307,0.050000000039193394,0.03419594211378404,0.1000001221457081,0.08657146987479764,0.4872720411993707,0.3315492057234898,0.18117875307713954,0.0,0.0
0,0.02999999012977196,0.023715944746462218,0.05000000000000602,0.028573339176759166,0.10000000000000621,0.07699549456294812,0.44340540534695305,0.28889859880863344,0.26769599584441345,0.0,0.0
0,0.029999988487718076,0.025496778636427422,0.05000000000651701,0.038508510635277,0.1000000000137885,0.10326814230431348,0.4133423178228976,0.39290476162793647,0.19375292054916599,0.0,0.0
0,0.0299999797135202,0.024330932386056398,0.05000000000000001,0.03991494347889156,0.1,0.1024229370789505,0.3902563210361252,0.38818489855660165,0.22155878040727317,0.0,0.0
0,0.029999555464313096,0.026455232963077353,0.050001776707379195,0.04191314725980985,0.10000002735020583,0.10012871690785775,0.4269559928375618,0.4138620652058984,0.15918194195653967,0.0,0.0
0,0.029999990730660474,0.027908604880178378,0.050000004671432174,0.06845066645185967,0.10000009936149333,0.1636546171810675,0.2825786794943484,0.5504578692420425,0.16696345126360912,0.0,0.0
0,0.029999961250864984,0.025526546143072173,0.061918965357681044,0.03943135638721227,0.1,0.11691351240915532,0.32088215707988477,0.37427107568048196,0.3048467672396333,0.0,0.0
0,0.02999996405710672,0.0267996809124845,0.05800899558540659,0.036205892475737536,0.1,0.12894754741536948,0.2826660510902994,0.3460210468609874,0.3713129020487132,0.0,0.0
0,0.029999999773516143,0.023681437919067124,0.050000000051481974,0.07525707940017451,0.10000028753164318,0.1739132009293826,0.22653748322522932,0.5410072008281047,0.23245531594666585,0.0,0.0
0,0.029999994062305517,0.033220796048575765,0.05000007494274626,0.09446419905617756,0.10000040823434081,0.2346551185194117,0.18078939991156784,0.6084248914391623,0.2107857086492697,0.0,0.0
0,0.029999817870305406,0.027448996262319326,0.05000011643833125,0.06594854817572578,0.1000000397605394,0.1696822595682755,0.22188259898927787,0.5427274838230342,0.23538991718768798,0.0,0.0
0,0.029999993805224955,0.02789674016753323,0.05000000010345609,0.07464396724940507,0.10000002756888055,0.19477056967426798,0.23886233794500392,0.6024990320951649,0.1586386299598311,0.0,0.0
0,0.02999999289390006,0.025403326989235614,0.05000000265679675,0.04214760504375745,0.10000003965517289,0.13350898707957276,0.23217818976113905,0.3825258566825265,0.3852959535563344,0.0,0.0
0,0.029999991654289605,0.024935324981769303,0.05681018918595907,0.05424040496449953,0.100000000058503,0.15323333072226689,0.2963127828125523,0.43546207474932236,0.2682251424381253,0.0,0.0
0,0.029999991175326243,0.027720105098788403,0.05988117115534271,0.061159397050968185,0.10000000166851719,0.16706723363484363,0.2701638054430638,0.5023717878764192,0.22746440668051704,0.0,0.0
0,0.029999962597197782,0.026733067666830427,0.05000023650423522,0.0624265567999217,0.100000083968522,0.13830410890264133,0.2836750439663757,0.47190674717156966,0.24441820886205448,0.0,0.0
0,0.02999997146681658,0.02279645581583161,0.05683949480448153,0.038452174969307994,0.10000000004248917,0.12434727078991357,0.29181288873325045,0.34487557172081706,0.36331153954593254,0.0,0.0
0,0.029999980801196223,0.0287969372057618,0.05000003752064763,0.06378137806458871,0.10000000076241104,0.16005225332983386,0.24336830727113773,0.5526866055201823,0.20394508720867988,0.0,0.0
0,0.02999999020058029,0.023468026034223242,0.05000000506460236,0.03123468094339058,0.10000000332143322,0.07608533994661676,0.4815263400639522,0.3216715698195515,0.1968020901164964,0.0,0.0
0,0.029999994651604984,0.023337049245817625,0.0500000001085276,0.0269022498214302,0.10000027941759858,0.06530149938278648,0.5948890101529465,0.251670613601061,0.1534403762459926,0.0,0.0
0,0.029999953093103566,0.022612702273250067,0.05000045138774351,0.032544920187654966,0.10000003869356423,0.10184774517084848,0.31342035451950123,0.3615711683815254,0.32500847709897335,0.0,0.0
0,0.0299994638079827,0.02163724340381583,0.05000000014985279,0.027879047653273238,0.10154948866569247,0.06955249884972466,0.5532156365827553,0.3088385748884411,0.13794578852880351,0.0,0.0
0,0.029999890658012306,0.024171887737111535,0.05000000001468787,0.03609145734066019,0.10113045416424808,0.08023929528926983,0.5297308384380086,0.36699173624504683,0.1032774253169445,0.0,0.0
0,0.029999995989277568,0.02320919802224033,0.05,0.03117516930004511,0.10000028079306526,0.07031082733198205,0.5181447603835247,0.3286374790454389,0.15321776057103648,0.0,0.0
0,0.02999999536243706,0.022916292748391603,0.05000000114791065,0.025931941300090057,0.10000000000005238,0.0659473876651692,0.5496688300270323,0.26806376709444996,0.18226740287851767,0.0,0.0
0,0.02999999046093269,0.022035054882277832,0.05000000028881944,0.028023943515258724,0.10000003089060704,0.059811468701335774,0.5519701915800478,0.31055747322258725,0.13747233519736493,0.0,0.0
0,0.02999998370281532,0.023184338244986908,0.05000008785698813,0.028104569865586203,0.10000000000000064,0.08234955342376192,0.4513269161355445,0.2647994427647862,0.28387364109966945,0.0,0.0
0,0.02999999525238805,0.02411967049786645,0.05000000000009998,0.02875858601564295,0.10000021987666811,0.07287311942949919,0.5337546721180959,0.29813301403093423,0.16811231385096995,0.0,0.0
0,0.02999999609888102,0.02421657352801569,0.05000000004768195,0.02905496392117292,0.1000000357818187,0.0686026952499019,0.5557105322390533,0.28046637123615126,0.16382309652479535,0.0,0.0
0,0.029999999999510363,0.024814364534125794,0.05000000000185598,0.03370532279881856,0.10000093752025635,0.08362228122528974,0.5916769983871255,0.30262741763134926,0.10569558398152522,0.0,0.0
0,0.02999998125383756,0.025089047339678264,0.050000001573365226,0.03210791321535557,0.10000000010263653,0.0770293759857395,0.5093031669327411,0.34873689723735096,0.14195993582990798,0.0,0.0
0,0.029999876462583848,0.025305101303304503,0.05000017984620404,0.0455592408089533,0.1000000055792194,0.10989086907503402,0.3479656550167788,0.45124370640667577,0.20079063857654536,0.0,0.0
0,0.029999999999930548,0.02643530937375843,0.05861447611500857,0.04675940585017277,0.1,0.1198126336467092,0.3549772641390796,0.4248998788647771,0.2201228569961432,0.0,0.0
0,0.029999976758364903,0.029704650909297806,0.05000021571171305,0.0633823989352142,0.10000054597390257,0.14080727299212822,0.33358220341196027,0.4748293806813889,0.1915884159066508,0.0,0.0
0,0.029999997362475564,0.04999998785198639,0.05000012696338397,0.05271226476747857,0.10000000106571186,0.1288508685489786,0.2753429152678798,0.3892300143479931,0.3354270703841271,0.0,0.0
0,0.029999996080946775,0.024964056030729473,0.050000002109942994,0.07955332264867564,0.10000027622553687,0.19214623154061952,0.268575115014955,0.5741893478875142,0.1572355370975309,0.0,0.0
0,0.02999910305358612,0.02668064506773227,0.05867043064545707,0.05223433188292149,0.10000130365231402,0.14951919287732737,0.2535379894741566,0.4428577540440269,0.3036042564818164,0.0,0.0
0,0.0299998942790503,0.02522178210763023,0.06285097458034103,0.05008171654160109,0.10000000001234732,0.1585449336510396,0.2521989725312721,0.4225498997861527,0.3252511276825753,0.0,0.0
0,0.029999952731627096,0.02280695186597883,0.050000014856248595,0.06909159832268295,0.10000000096653693,0.16760582330205567,0.21660347430311194,0.5395211765925715,0.24387534910431646,0.0,0.0
0,0.029999997346145096,0.03159206622475405,0.050000069311227115,0.07347978676749804,0.10000013462977042,0.1863048041348567,0.2169688601013811,0.503205091698928,0.2798260481996907,0.0,0.0
0,0.029999977483370212,0.025162588981559177,0.05000003553596525,0.07247092958633469,0.10000000207307018,0.18244627486098122,0.2577959388841036,0.5852774143980441,0.15692664671785217,0.0,0.0
0,0.029999999565893946,0.02810779261019002,0.059221713643087745,0.06204123116220239,0.10000075158082644,0.17296624562229737,0.2535538364048958,0.5319020214659314,0.21454414212917286,0.0,0.0
0,0.029999984192807968,0.025770177021942703,0.05000001614680505,0.0764503306376284,0.10000001241149944,0.18816167165868722,0.20347085405634016,0.6204628694383106,0.17606627650534923,0.0,0.0
0,0.02999999296696943,0.02621347626372968,0.0580295403353077,0.05193858131878518,0.10000000000001494,0.13719218810285197,0.2883860379365495,0.4415798772570221,0.2700340848064285,0.0,0.0
0,0.029996539456017948,0.025162524893094892,0.05002163484702614,0.050762435046426455,0.10010184973933477,0.12239097908812827,0.2922633383064808,0.4070737384441416,0.3006629232493777,0.0,0.0
0,0.029999999186804502,0.023246468699346705,0.05000004333905302,0.028787873642968014,0.1000000497798877,0.0889754441360652,0.4173720614587176,0.29605588887039985,0.2865720496708825,0.0,0.0
0,0.029999980218164874,0.024554718473143063,0.050000395490070834,0.03741322304649916,0.10000000000000325,0.08192550957768271,0.527957257059401,0.31252950958099585,0.1595132333596031,0.0,0.0
0,0.029999991870811475,0.02173054066388837,0.05000000000000001,0.03114572488554236,0.22329496358281864,0.20944928753393713,0.7216023511640333,0.278397648835935,3.167681616326012e-14,0.0,0.0
0,0.02999999999999705,0.024313402048354204,0.05,0.02509478026556783,0.10000047276689945,0.06082696198380392,0.5959395799065761,0.2671672801862859,0.13689313990713806,0.0,0.0
0,0.029999970536886907,0.023903341622666198,0.0500000005287515,0.03702096212603521,0.23696918177203935,0.2102901803492857,0.7630717561486237,0.23692824367688503,1.7449120242910937e-10,0.0,0.0
0,0.029999997919733266,0.022971572138484928,0.05,0.03356825790841351,0.19316757068782406,0.11318625059264906,0.7167315242796712,0.2832684757139178,6.410891528900779e-12,0.0,0.0
0,0.02999999441885352,0.022911359306220236,0.05000000000021667,0.03541080048806499,0.21110120982559533,0.1456546046036913,0.7004527121862865,0.2995472868210559,9.926575909046856e-10,0.0,0.0
0,0.029999993856085143,0.024569147324000597,0.05000000004146055,0.03773226629989963,0.17410811181933805,0.052519350968376524,0.730126582067778,0.26987341681934146,1.1128806373870038e-09,0.0,0.0
0,0.029999999999928653,0.023253870417675956,0.05,0.022796344186529646,0.10000065773458844,0.0494774061778316,0.6185110900337586,0.25933775739255965,0.12215115257368186,0.0,0.0
