,mu1,lam1,mu2,sigma2,mu3,sigma3,w1,w2,w3,Target,Stimulation
0,0.029999997682111958,0.04064475263968662,0.05000020244594626,0.08631954773404275,0.10007480659686874,0.20971078174302354,0.25444151323277575,0.5167421408870697,0.22881634588015473,1.0,1.0
0,0.02999998163676393,0.03681259457746461,0.05000001588529047,0.07299452471647781,0.10000001008348468,0.2012556054460092,0.22174096525517414,0.5256669355886711,0.2525920991561547,1.0,1.0
0,0.029999972029526287,0.034475293579510576,0.05000024816112271,0.07347902974247754,0.10000000342461092,0.20583435634117284,0.2264053277641736,0.5242689440760597,0.2493257281597667,1.0,1.0
0,0.02999998655936234,0.03190832106093696,0.05952352813146737,0.06547715679447491,0.10000002786810916,0.19014823185126906,0.24938765950269226,0.4622098156487043,0.28840252484860357,1.0,1.0
0,0.02999999960408276,0.03416289759523429,0.0500000635455335,0.08829941980847673,0.1000035517671318,0.21156539856442924,0.20480093838769378,0.5729930899185385,0.22220597169376785,1.0,1.0
0,0.029999999999055487,0.04999999999999973,0.05000000063725889,0.1622697184363279,0.10000032983848438,0.4052560093774523,0.0670639321354034,0.5395960730018574,0.3933399948627392,1.0,1.0
0,0.029999995669614563,0.03590355858337093,0.05000000000518421,0.1766990298850493,0.10000000280917204,0.4695825672081998,0.03505616987383504,0.6159966704302686,0.34894715969589624,1.0,1.0
0,0.029999988563996154,0.04999999998685314,0.0500000000000068,0.1485112933100694,0.10000000000001298,0.43968459101549184,0.038332206026234314,0.6230689926801696,0.33859880129359604,1.0,1.0
0,0.029999992411420904,0.04999992762067013,0.050000065059739994,0.1913240274104007,0.10000025714201743,0.4273425179933894,0.06915896433345518,0.6004813994951399,0.33035963617140496,1.0,1.0
0,0.02999999769318549,0.04999999988995885,0.05000046888330201,0.15604446519491888,0.10000008221025104,0.3885972874370257,0.08848300448331575,0.4920482675551489,0.4194687279615354,1.0,1.0
0,0.029999999033886178,0.03741889179345875,0.061884450176522755,0.18115021180300891,0.10000171836402222,0.44211112339961095,0.07085118014898172,0.5986668454208399,0.3304819744301783,1.0,1.0
0,0.03,0.04999999999994928,0.05000000000026081,0.19665517369132116,0.10000016791049339,0.391137896138037,0.10257925057791135,0.4472761072350772,0.4501446421870115,1.0,1.0
0,0.029999989976184374,0.04999999876114,0.05000001667640768,0.14036589698332363,0.10000000000000009,0.42134503438553683,0.052378757083397,0.5028312704456421,0.44478997247096097,1.0,1.0
0,0.02999999999990641,0.04999999866566284,0.05000000009784405,0.18751902519493804,0.10000048204051956,0.4146443179176638,0.08068255905697228,0.6042661435639957,0.315051297379032,1.0,1.0
0,0.029995655813400652,0.023630250038718156,0.050074067038587536,0.2189947622732389,0.10013822500704894,0.5374742319756605,0.07649681025420052,0.6830266266232782,0.24047656312252136,1.0,1.0
0,0.029999996735842936,0.04999998680795958,0.05000000767109209,0.09928824215872953,0.10000001680215857,0.26762089743596007,0.10229095023167442,0.561488881573466,0.33622016819485945,1.0,1.0
0,0.029999976168943225,0.034002298652877516,0.050000012838932004,0.09608479804609346,0.10000000075722644,0.288974371738963,0.11110650066020222,0.5126164035793224,0.37627709576047536,1.0,1.0
0,0.029999978899561817,0.029955582933075937,0.05000000044515241,0.0985237406587865,0.10000000178497614,0.26494424546362527,0.09652376783553486,0.5124350606037015,0.39104117156076373,1.0,1.0
0,0.029999984065662257,0.03342522962117352,0.06521775346166946,0.09038479946693583,0.10000043966400135,0.2743000078199344,0.13159486434894987,0.496598369508771,0.3718067661422791,1.0,1.0
0,0.029997667583187747,0.049932478515426676,0.059695469516097,0.09675217398662686,0.10062436409331234,0.2635407176754506,0.14416475242464966,0.4643856282561035,0.39144961931924677,1.0,1.0
0,0.02999999994591704,0.04999996980973428,0.0500000010079142,0.13232089465873106,0.10000108463338876,0.3378019931753893,0.140525870287926,0.6512256996027854,0.20824843010928842,1.0,1.0
0,0.029999974820475485,0.03712669527907425,0.05000005440118136,0.08400385292067718,0.10000001658474611,0.24713190384706554,0.09422475735621529,0.46129213403979896,0.44448310860398565,1.0,1.0
0,0.029999946648210533,0.04999980019085807,0.05000000195411835,0.1506261659499132,0.10000000019136455,0.4844578652529743,0.05977299762994454,0.5485973970369953,0.3916296053330602,1.0,1.0
0,0.02999997305836962,0.02257322114975538,0.06753788755656781,0.059936697978729095,0.1,0.24810519413383295,0.13334530471134676,0.3712450733663072,0.495409621922346,1.0,1.0
0,0.029999981427725416,0.02986226936486278,0.050000017102561946,0.11171009732104469,0.10000006132428998,0.32155969671049106,0.12634309601610716,0.6066718185448571,0.26698508543903565,1.0,1.0
0,0.02999999990146763,0.026611223030288286,0.050000001568201134,0.12213686209401493,0.10000030662110992,0.26751783591185435,0.13731577206527978,0.5040685612638176,0.35861566667090256,1.0,1.0
0,0.02999999967444086,0.0499999970133061,0.050000000057297586,0.1674348558500584,0.1000000704820862,0.5112289063412603,0.06578712379596224,0.6156591771272409,0.31855369907679676,1.0,1.0
0,0.03,0.02955757482601245,0.05,0.21174060182121793,0.10002756606457898,0.47343216695071094,0.0930304045164739,0.6955273483432264,0.21144224714029974,1.0,1.0
0,0.029999990198238312,0.04999998307052933,0.05000000000022785,0.1617707606677447,0.10000001374557255,0.4173785505290548,0.045142228558032356,0.5417552843634307,0.4131024870785369,1.0,1.0
0,0.029999978779375994,0.02381991881031001,0.05000000021419635,0.1744038239592269,0.10000000000146884,0.4992288782514293,0.06546911595432613,0.620379194397825,0.31415168964784895,1.0,1.0
0,0.02999999280763651,0.049999918330191344,0.050000066448475954,0.14912944661091596,0.10000000181972975,0.42475150242328974,0.05998855626396836,0.49717695000438816,0.4428344937316436,1.0,1.0
0,0.029999975305708276,0.04999999079818638,0.05000000000063644,0.16141268998386415,0.10000000653805746,0.4222042365844932,0.04720396012540795,0.5309261514321829,0.4218698884424092,1.0,1.0
0,0.029999997380442067,0.0499999362334099,0.05000005448986681,0.1608005823429156,0.100000029574349,0.42348271153721495,0.06460036154628324,0.5010654021042151,0.43433423634950163,1.0,1.0
0,0.03,0.05,0.09998633676319664,0.08312931883551684,0.1,0.36137627894125324,0.1242900584907128,0.40190742376447786,0.4738025177448094,1.0,1.0
0,0.02999999993506395,0.04999999999999999,0.05000004318407169,0.1537271432534265,0.10000060214873925,0.4168201048822533,0.07380373871407107,0.5185016564132005,0.40769460487272857,1.0,1.0
0,0.029999999996484512,0.05,0.05000001091929614,0.17430234609413672,0.10000397477172027,0.45174078927486133,0.08267100121455782,0.5085511891816834,0.40877780960375887,1.0,1.0
0,0.029999966225348666,0.031377433454884064,0.050000288428385685,0.1554333711074768,0.10000000000001039,0.43056920705242013,0.08883718736964713,0.5512337073961193,0.3599291052342336,1.0,1.0
0,0.029999999074998986,0.04999999999999998,0.05000522004656892,0.16728526545732003,0.1000112769228009,0.39975512864272694,0.06907012814205289,0.5394976564192138,0.39143221543873324,1.0,1.0
0,0.029999899427958908,0.02904013840193838,0.05,0.20601951646095598,0.1,0.4946070336828001,0.03814321989107426,0.6759777451530755,0.28587903495585026,1.0,1.0
0,0.029999999999539485,0.03933683145551088,0.050000000037197866,0.09202146508527814,0.10000094014899912,0.24131669565168554,0.24167539707599225,0.6076925669948853,0.15063203592912242,1.0,1.0
0,0.02999999900320698,0.04168028035214116,0.05000005503370032,0.07758982467913898,0.10000000561577563,0.20120915677455836,0.23341127304009218,0.5328439488736112,0.23374477808629665,1.0,1.0
0,0.029999999994653137,0.035491343865649096,0.050000000350573656,0.09415809106501129,0.1000014243520918,0.2373169789469169,0.2449754911753396,0.6081930120532947,0.14683149677136567,1.0,1.0
0,0.02999998988199748,0.028636541061120815,0.050000047449048395,0.07499666057943256,0.10000000162734923,0.20212796208941206,0.25281796129284384,0.5013572016888275,0.24582483701832866,1.0,1.0
0,0.02999999988699737,0.04999999870695216,0.05000003486025953,0.18687320527257661,0.10000013924284092,0.5605306440276099,0.06714811598356206,0.671037190111804,0.26181469390463397,1.0,1.0
