,mu1,lam1,mu2,sigma2,mu3,sigma3,w1,w2,w3,Target,Stimulation
0,0.03,0.05,0.05,0.199634145350042,0.10000455663839951,0.49537409107525054,0.0551489970274227,0.6456329079804277,0.2992180949921495,1.0,1.0
0,0.029999999990365154,0.032287252060201166,0.050000000807434455,0.23976780984079415,0.10000042160839173,0.6999999985256813,0.10248070200485705,0.7357561686284817,0.16176312936666112,1.0,1.0
0,0.029999986588921668,0.029103765046487134,0.050000300157769094,0.17268809980421274,0.10000000008800264,0.4350188678711252,0.0716864541007528,0.5226570585321425,0.4056564873671047,1.0,1.0
0,0.02999999993271071,0.04999999999999672,0.05000001107395301,0.1203086877493684,0.13991799840297223,0.37582889006803,0.049893027840064996,0.39196704540529687,0.5581399267546381,1.0,1.0
0,0.029999998699378992,0.04999999999947239,0.050000000127992536,0.18060477275900655,0.10000004970704947,0.4617253091934004,0.05761380135113834,0.6250591179518844,0.31732708069697724,1.0,1.0
0,0.029999967163232368,0.02561721093909658,0.05000000201353296,0.1651502745666828,0.1,0.45690353482709484,0.04816366950740654,0.5532992158674738,0.3985371146251196,1.0,1.0
0,0.03,0.05,0.050000000185982156,0.1991942247476446,0.1000007306199586,0.4328930773526004,0.09575191568284089,0.5243443943134319,0.3799036900037271,1.0,1.0
0,0.02999984194397408,0.03016100778034457,0.05000000270148209,0.17097943095201806,0.10000000047305052,0.46086587752571984,0.05177120305080826,0.6280546319428058,0.32017416500638596,1.0,1.0
0,0.029999988015114148,0.04999999999498734,0.05000000002300601,0.12230732814433666,0.10000000239033219,0.394868481723316,0.044714039380098256,0.45624771790401214,0.49903824271588954,1.0,1.0
0,0.02999998988686859,0.027157968326192668,0.050000097826795036,0.17249451383532066,0.10000000000000166,0.4461963012065746,0.06938685033493085,0.5235038542545614,0.40710929541050783,1.0,1.0
0,0.02999772864452663,0.02920455027823195,0.06695853687211216,0.09222321407329719,0.10000000073523169,0.3837337205455236,0.08959619370200211,0.31157878367048525,0.5988250226275127,1.0,1.0
0,0.03,0.05,0.05000000000000001,0.21286066834855738,0.1000028316176657,0.5426308302918462,0.06892432470006347,0.6823174410390412,0.2487582342608953,1.0,1.0
0,0.02999999992222453,0.04999999999999998,0.05000003045134965,0.16949369826186103,0.10000000218618738,0.4502625107135872,0.08680250611249164,0.5139679796447962,0.399229514242712,1.0,1.0
0,0.03,0.05,0.05,0.13344826465643034,0.1,0.40868443831832385,0.04533663791285139,0.4109551761044018,0.5437081859827468,1.0,1.0
0,0.02999999999934757,0.027173320452000296,0.05000000035777495,0.22713814352535702,0.10000162585103074,0.543178237392095,0.07784703624783092,0.7396957999900022,0.18245716376216684,1.0,1.0
0,0.029998077318182752,0.04999999229857056,0.051514472092233095,0.20846492783000925,0.10017677063377418,0.5366857251053578,0.07120044267980984,0.6640123790755365,0.26478717824465375,1.0,1.0
0,0.029999999998456386,0.02679639941100627,0.0500000003107674,0.19420902171395948,0.1000002415898266,0.44911074172966914,0.10185662642232049,0.6793441165597353,0.21879925701794434,1.0,1.0
0,0.029999996294601632,0.04999999995373205,0.05000000000815411,0.13896884596069783,0.10000001207586967,0.381416229526142,0.0587506519004466,0.5092080573907581,0.4320412907087954,1.0,1.0
0,0.029999966056639432,0.025595323925183495,0.0659772491641015,0.16222415704976462,0.10000004083744915,0.44600913200479386,0.06065300252149753,0.5775138528539193,0.3618331446245832,1.0,1.0
0,0.029999996717813903,0.049999999999999406,0.05000000028358334,0.14487114905434034,0.10000000000006093,0.4257986669740397,0.06091594613312441,0.4971605706193499,0.4419234832475257,1.0,1.0
0,0.029999999928434194,0.04999999999999982,0.0500000913178866,0.1457830827869849,0.10000003298692894,0.4441640592515697,0.08999830880590881,0.49898797021308394,0.41101372098100714,1.0,1.0
0,0.029999999997092054,0.04999999999999998,0.0500000383331962,0.20526935394434806,0.10000015586533968,0.5066709780416658,0.06991952562765927,0.6773150342063315,0.25276544016600916,1.0,1.0
0,0.029994757887717167,0.04996638832840335,0.05002475168297514,0.19931973309200213,0.10000954595345357,0.5083558577576422,0.05474883889233422,0.6512523692918901,0.2939987918157757,1.0,1.0
0,0.029999999999837042,0.05,0.050000005758730974,0.1960345015466912,0.10000036936783782,0.46145639773504865,0.07947932854886736,0.5999609031439856,0.32055976830714705,1.0,1.0
0,0.02999997511213083,0.02880884765920499,0.050000000455375525,0.1323685022116067,0.10000000146850829,0.41139294015974825,0.05587139022865759,0.45367484378992506,0.4904537659814173,1.0,1.0
0,0.02999999222297817,0.023995411997937543,0.05000019088642919,0.1392674122347099,0.10000000560800663,0.34767746836551494,0.07466207201240793,0.44945686358549386,0.47588106440209815,1.0,1.0
0,0.029999986924744183,0.04999999999999607,0.09220878642985847,0.17582280244896856,0.10002048978925598,0.45168642948898985,0.09349631627954169,0.5246483654096394,0.38185531831081876,1.0,1.0
0,0.03,0.05,0.05,0.22110873887049226,0.5999974179066702,0.2733616746655851,0.0618551018162901,0.8256103985361253,0.11253449964758472,1.0,1.0
0,0.029999989816226792,0.03740123036848763,0.07626068436541225,0.0886786463146031,0.10000000000037695,0.3905939721748233,0.08116720304467107,0.3403119384415802,0.5785208585137487,1.0,1.0
0,0.029999956261450387,0.03218049879602762,0.05000001593549896,0.21904285073776167,0.10000527996224051,0.5193427625992222,0.07309082350460032,0.695214670810911,0.2316945056844886,1.0,1.0
0,0.029999988730809883,0.027743178330382253,0.05000000000000195,0.196349638627299,0.10000000004376862,0.5163439137135828,0.03387488459356565,0.6814432734254775,0.28468184198095703,1.0,1.0
0,0.02999999997853971,0.0195482616701413,0.05000000000112898,0.2182433057826437,0.10000027236172543,0.6058654731339341,0.09151299383608538,0.6773117875189678,0.2311752186449468,1.0,1.0
0,0.03,0.05,0.05000000000000001,0.18271022820091887,0.10000406954657624,0.4723321405106336,0.10774812470600674,0.5502531196444499,0.3419987556495433,1.0,1.0
