,mu1,lam1,mu2,sigma2,mu3,sigma3,w1,w2,w3,Target,Stimulation
0,0.02444837908918808,0.023246032515467342,0.07331032486359253,0.0765694410838005,0.3302150591578697,0.3425496336858009,0.9999999653691231,2.9327613209804226e-08,5.303263875341439e-09,0.0,1.0
0,0.024129706124252994,0.023173781779458155,0.07347538827148983,0.09073500421814054,0.3324410417768403,0.34740725464279276,0.9999999104935904,7.417351308579588e-08,1.5332896477766488e-08,0.0,1.0
0,0.024190698725334504,0.022984352862967832,0.07299931280830022,0.06249505835324286,0.33026863112017274,0.3455349498551636,0.9999999738883909,2.2659780042000005e-08,3.451829038419957e-09,0.0,1.0
0,0.024338227011884123,0.023304836436361435,0.07270882042746105,0.07253880557923355,0.33199018132293234,0.3474762659055795,0.9999999616173186,3.3232431726503426e-08,5.150249546691576e-09,0.0,1.0
0,0.024258372360570407,0.02307234774754342,0.07316578589962895,0.07058244540583405,0.33120068085245913,0.34658147239199166,0.9999999809762729,1.6132071613859442e-08,2.8916554863686733e-09,0.0,1.0
0,0.02847036505975861,0.023012768654461162,0.05,0.02716973516825407,0.25805859253527846,0.28729063919192593,0.8083383342368503,0.1916616657631392,1.0551160151332844e-14,0.0,1.0
0,0.02999998446233436,0.023411827692684597,0.05000000000008296,0.04140477955459307,0.21395518748511266,0.17466548503428206,0.664374242300898,0.33562575766811514,3.098672066570837e-11,0.0,1.0
0,0.029636995046701916,0.0250518298127024,0.07083357697511854,0.030046508656876816,0.3267793886226243,0.34393277999822675,0.9999778137617704,2.1375583153885516e-05,8.106550758828826e-07,0.0,1.0
0,0.029999997509642974,0.023085951730102524,0.05000000000000423,0.03569365632913403,0.2265354289632515,0.1891865055279509,0.7242859835401757,0.27571401628986847,1.6995593146730722e-10,0.0,1.0
0,0.028842087171046367,0.02366082658782932,0.050000094641973344,0.026748909433785908,0.31080768968246214,0.3369664874360921,0.8188108676830433,0.1811878122991728,1.3200177837978435e-06,0.0,1.0
0,0.02999998721553718,0.023929637003466894,0.050000000250536594,0.035501681529942486,0.10000000000333842,0.09371597123859135,0.43912143446759644,0.3550140065245119,0.2058645590078915,0.0,1.0
0,0.029999984054934047,0.02391663877304125,0.05000001386747659,0.03746591842225629,0.10000000000000113,0.09129902023281171,0.4437441781725993,0.368498793911313,0.1877570279160877,0.0,1.0
0,0.02999990763730203,0.024584389225615896,0.05000037508412717,0.04559618745555557,0.10000000009554666,0.10819883094006319,0.3824501842059951,0.41565919343424473,0.20189062235976016,0.0,1.0
0,0.029999999369661655,0.028286439782838818,0.053952840026668315,0.040898706080890204,0.10000000000488032,0.10652258535473985,0.3779871786433444,0.3719422266241692,0.25007059473248633,0.0,1.0
0,0.0299999983502259,0.021700874045391845,0.0500000017632326,0.04400435294797855,0.10000015288082392,0.11226150888993447,0.31142522363727576,0.4111945034835012,0.2773802728792231,0.0,1.0
0,0.02999999290123995,0.023141177001891982,0.05000001428765503,0.05501930844703002,0.10000003156340803,0.13969312931014552,0.34519277036762325,0.5189291069241705,0.13587812270820637,0.0,1.0
0,0.02999889612581525,0.02403332776165327,0.05000208565647445,0.03490670816522134,0.10000266021954263,0.09363067105715402,0.3668840703188244,0.3736840104021946,0.259431919278981,0.0,1.0
0,0.029999953506451352,0.02422259509603022,0.050000008142393526,0.035630157161518704,0.10000000501910172,0.09364991160047681,0.40507103231422287,0.33156475991258505,0.2633642077731922,0.0,1.0
0,0.029999828100699517,0.023877308723204385,0.05000064997570601,0.0423873063351904,0.1000000000011686,0.10500555866900689,0.38257651972254264,0.41740698999958514,0.20001649027787224,0.0,1.0
0,0.029999989803459078,0.024370406499674615,0.05000000000998972,0.05139817090418648,0.10000000000000858,0.11479191162177996,0.41208829033205474,0.4432986265941636,0.1446130830737817,0.0,1.0
0,0.029999989614103138,0.023139552350220752,0.05000000942185805,0.029132733340335337,0.2914245538352304,0.3050267142179212,0.7895040277588462,0.21049596816075797,4.080395779147012e-09,0.0,1.0
0,0.029999956204412166,0.023024739100162103,0.05000000000000001,0.03135921071551353,0.2057285533130716,0.1535966458926825,0.7496499582479391,0.2503500417520599,9.452527682109157e-16,0.0,1.0
0,0.029999908699109054,0.022960044897691195,0.05000000125655094,0.02499620716109574,0.29840722033031336,0.31498726000836463,0.8057402406158358,0.19425974890572079,1.0478443318356837e-08,0.0,1.0
0,0.029999980604776908,0.025060596122234675,0.05000000000000125,0.03449190341479827,0.24266628644016436,0.24788023587171196,0.7564370182496242,0.243562981750331,4.480643886688562e-14,0.0,1.0
0,0.025173337255321684,0.022888697576165913,0.07257311939402893,0.04870682262352567,0.32993316108716214,0.34494133578307484,0.9999998977142301,9.056183994434885e-08,1.1723929908124843e-08,0.0,1.0
0,0.025357902905862203,0.02348801083311899,0.0724231965363985,0.04369016295510335,0.3291976587446728,0.34407374412420694,0.9999998870320591,1.0113323808567519e-07,1.1834702710587706e-08,0.0,1.0
0,0.025279667241051143,0.023295070195293033,0.07258811494929795,0.04868935285484485,0.3294066395696681,0.343676887522567,0.9999999024685631,8.645958370658429e-08,1.107185331811005e-08,0.0,1.0
0,0.025712950230651708,0.023284335042071967,0.07181472363930065,0.03590559453861698,0.3297655857371753,0.3458713667737131,0.9999998907722448,1.0017829477830092e-07,9.049460464300592e-09,0.0,1.0
0,0.025488811639899852,0.02318484540189574,0.07216404896740737,0.04015094150143962,0.32883738663480777,0.3441373605241123,0.9999998252912289,1.5964259430839562e-07,1.506617684547571e-08,0.0,1.0
0,0.02560353170617502,0.022967030614779664,0.07205000975675215,0.039124369937699965,0.32862116198274494,0.3434579917609605,0.9999998657109261,1.228567553862982e-07,1.1432318481750142e-08,0.0,1.0
0,0.025659694194379887,0.023203557180123104,0.07194988349470174,0.03848319019120098,0.33055390860898853,0.34686213060627474,0.9999999425402137,5.212834045392033e-08,5.3314457782849825e-09,0.0,1.0
0,0.029999977642620322,0.02297767845164191,0.05000000001756974,0.02345160537723774,0.22239311263257486,0.23526510162304576,0.8199117012099808,0.18008829879001909,7.207115134206641e-17,0.0,1.0
0,0.025296622828993295,0.023702568195067317,0.07295752394022918,0.0657384237549938,0.33258568190679383,0.3474012824478527,0.9999999341375648,5.624854278926565e-08,9.613892301092747e-09,0.0,1.0
0,0.025492052811858495,0.023795566104920896,0.07229311601351436,0.043565604084960345,0.32995750287082937,0.34522188397030973,0.9999998937061751,9.531526446748276e-08,1.097856048013965e-08,0.0,1.0
0,0.025220387497264418,0.023137057630455437,0.07278713360294367,0.05563289940256777,0.3306247996267969,0.3450442625549534,0.9999999202595519,6.951865085581884e-08,1.0221797192581247e-08,0.0,1.0
0,0.029791716489740855,0.022924901088490983,0.05000000112493744,0.02428348059716702,0.1772622012701891,0.1927389424337859,0.779303395882337,0.22069660411766287,3.809203626869763e-27,0.0,1.0
0,0.029999995115895524,0.023387066760206607,0.05000000110744267,0.03364319542932545,0.26583070694371636,0.270911166571547,0.7148770248815018,0.28512297489886923,2.196289484676114e-10,0.0,1.0
0,0.029999973301542856,0.02446450938450247,0.05000000729826335,0.03316173406850344,0.233354489304251,0.22517294858729336,0.7582657661180311,0.2417342338777342,4.234693277180077e-12,0.0,1.0
0,0.029999404140317425,0.022112498169721658,0.05000005529785873,0.030610791499857883,0.2435875186750969,0.25945003219883805,0.7333557920211158,0.26664420797838645,4.978695623163464e-13,0.0,1.0
0,0.029999982193411538,0.02496951542325259,0.05000003229774016,0.04023405809481997,0.10000000008588959,0.11330153443259174,0.4253637082134099,0.4220642625532332,0.1525720292333569,0.0,1.0
0,0.02999995827218777,0.025780716642255563,0.0500000025101047,0.05248214853211506,0.1000000000280474,0.11399470745685279,0.4050354698538841,0.4410229838954569,0.15394154625065892,0.0,1.0
0,0.029999999998364044,0.02718716835533155,0.05000000000789067,0.06508826704030787,0.1000003877135332,0.14267312979506222,0.3947355803692156,0.5087694206645893,0.09649499896619523,0.0,1.0
0,0.02999998852592472,0.025199035596555817,0.05000000071780321,0.046157688362065845,0.10000000000002152,0.11107182307036723,0.4058624263625927,0.43324396452040387,0.1608936091170035,0.0,1.0
0,0.02999999415919016,0.02373918085835764,0.059620104226599795,0.04438501392427017,0.10000000014112259,0.1250248280782341,0.4109533576565087,0.4162365843565667,0.17281005798692461,0.0,1.0
0,0.029999995356712935,0.022591974744702353,0.05000000000191427,0.035929078540402004,0.1,0.09447854329450027,0.39533852948756654,0.37009934995801447,0.23456212055441886,0.0,1.0
0,0.02999990344043352,0.0216344807983765,0.05000001195828927,0.02908844360986681,0.10110742328179997,0.07758184189070143,0.4474930435179674,0.32854504900384723,0.2239619074781853,0.0,1.0
0,0.02999999494739339,0.024450867425476554,0.05000000000125771,0.024931792478340854,0.1,0.08921190285623071,0.399092040665007,0.2998620396802609,0.3010459196547321,0.0,1.0
0,0.02999838803742478,0.023592662644067213,0.05000556151563482,0.037108374594243584,0.10000000000070539,0.10627186731307639,0.33691277054683005,0.37843023787851865,0.2846569915746514,0.0,1.0
0,0.02999958971164222,0.024376102566087823,0.056118892078066744,0.03318687638750868,0.10000000000004328,0.08301866807805297,0.4602268790310877,0.30580596166355806,0.2339671593053542,0.0,1.0
0,0.029999179167305264,0.022686140326533457,0.05008427982247637,0.031480665246089126,0.10000000147613412,0.07744699326483293,0.48611547103371805,0.31445737890889164,0.19942715005739034,0.0,1.0
0,0.029999935806111315,0.023598178216819077,0.05000000004146442,0.02926021260533785,0.2658816040075211,0.2834997120877755,0.7688046458340846,0.2311953541597402,6.175194473375147e-12,0.0,1.0
0,0.02999993758706995,0.02360296043105997,0.050000000000001,0.03602780560983809,0.217982547273096,0.20191707404409218,0.7221127143124476,0.2778872856874613,9.087095244687694e-14,0.0,1.0
0,0.024729462084026297,0.023808114398992344,0.07330567215104093,0.08370353400257793,0.3327150676014068,0.3485949923466057,0.9999999722170233,2.3349465776212657e-08,4.433511078586086e-09,0.0,1.0
0,0.029999504778383125,0.023643478760993437,0.05000000020872445,0.02199460295172738,0.3064572024609818,0.3308005598807621,0.8346964868870302,0.165303187452076,3.25660893761948e-07,0.0,1.0
0,0.024538333722701738,0.02363690115381677,0.07322189867189197,0.07362538663301012,0.3316943307022978,0.34700140700683396,0.9999999869554497,1.0885222872877725e-08,2.159327590301027e-09,0.0,1.0
0,0.02445771408995882,0.02316660125556369,0.07309073621328721,0.06742071634948771,0.3313753127571697,0.34684331897745585,0.999999981896239,1.533130442630921e-08,2.7724566067105237e-09,0.0,1.0
0,0.024359620000521446,0.023344622528527124,0.07326634218670221,0.07538090780655483,0.33132223736832284,0.34674447507228134,0.9999999861697861,1.1558616021317433e-08,2.2715978245082097e-09,0.0,1.0
0,0.02999998883533389,0.023258723784586776,0.05000000000001198,0.03657744274348823,0.21960363608865102,0.20931245953847172,0.7286712249970223,0.2713287750029536,2.418296315500432e-14,0.0,1.0
