,mu1,lam1,mu2,sigma2,mu3,sigma3,w1,w2,w3,Target,Stimulation
0,0.03,0.05,0.05000000000000219,0.13816992146414964,0.10000056679232426,0.3556088623620157,0.16517788718129983,0.6453476106332852,0.18947450218541484,1.0,1.0
0,0.029999999892458946,0.049999998929767475,0.05000007760276677,0.0957135620767222,0.10000000009897989,0.3116028600157349,0.1377476726633556,0.5709220317182433,0.2913302956184011,1.0,1.0
0,0.02999999880941947,0.037974114243544146,0.050000009607427794,0.10246049874381735,0.10000003321978337,0.3252641072822786,0.16434072926869162,0.5384142105522197,0.29724506017908864,1.0,1.0
0,0.029999998390703535,0.049999946101564,0.05000005597518144,0.08787485913425688,0.10000000000389218,0.32085140970695614,0.1315232282838098,0.550382570234499,0.31809420148169126,1.0,1.0
0,0.02999999997448792,0.04999999999999996,0.050000000019136445,0.18432212072790968,0.10000018435901666,0.48265657073257273,0.056516896119606176,0.6897398934113962,0.2537432104689977,1.0,1.0
0,0.029999973778461166,0.030178425866466838,0.050000515274488996,0.18440263006641422,0.10000231549920974,0.4524308391121164,0.06849852642998101,0.6596784851515697,0.27182298841844943,1.0,1.0
0,0.029999994632453893,0.04999999999884864,0.05000000004302821,0.16997716297309434,0.10000073536749526,0.4605438462713651,0.04437416930686354,0.623378850254232,0.33224698043890444,1.0,1.0
0,0.03,0.05,0.05,0.2109901497039127,0.1000018512960225,0.4690803024278728,0.054103521181671325,0.670750392173988,0.27514608664434076,1.0,1.0
0,0.02999999226733821,0.049999994279727046,0.050000000171605094,0.15129326782345545,0.1,0.42790709821922374,0.043049846713958846,0.5289528989591364,0.4279972543269047,1.0,1.0
0,0.029999841014748917,0.022963591490854623,0.050000000004447036,0.15610092280685847,0.10000000000000338,0.40836449967167204,0.04633816517965495,0.5768080678629385,0.37685376695740674,1.0,1.0
0,0.029999993940964927,0.036228465527658765,0.05000000644758521,0.2016146823479018,0.10000005926839792,0.5554751643540756,0.07034675559066997,0.683632262865291,0.246020981544039,1.0,1.0
0,0.029999981329226395,0.026426706930198437,0.05000000004771219,0.1887539487829356,0.10000000317922726,0.4933885030210114,0.04971776137659697,0.686018085060757,0.26426415356264604,1.0,1.0
0,0.029999994246378243,0.04999998934952682,0.08344238980577774,0.12289145829543724,0.10000004403750562,0.41056331395922985,0.06698676821601295,0.431778700302483,0.5012345314815042,1.0,1.0
0,0.029999998740389673,0.027811424076573922,0.05000004481042914,0.17780336553184475,0.10000002971281736,0.45715880119841057,0.11329129526339711,0.5403631673074296,0.34634553742917323,1.0,1.0
0,0.02999999999483948,0.04999999999999998,0.05000020163988361,0.17138021104235784,0.10000162885527995,0.42591570720702343,0.08499278698795212,0.5207608024969771,0.3942464105150708,1.0,1.0
0,0.02999996288061449,0.04999999999602334,0.05000008797894527,0.17725228574283108,0.10000032368902392,0.47841676526625215,0.05188038296640325,0.6150539671077361,0.3330656499258607,1.0,1.0
0,0.029999998478259047,0.0237085553621771,0.05000006476928446,0.20317029599687025,0.10000039162634541,0.5205749079043588,0.06013057831962097,0.6924935798263643,0.24737584185401487,1.0,1.0
0,0.029999999975360358,0.049999999998549795,0.05000000004605538,0.19167975933999243,0.10000017063236245,0.4746294588691391,0.06111850718824683,0.645964527506648,0.2929169653051051,1.0,1.0
0,0.029999839165186584,0.0374521222867406,0.0597042027029268,0.1738828644701934,0.25870451709482434,0.4242553177098514,0.09434727790597758,0.5748271005591379,0.3308256215348845,1.0,1.0
0,0.029999975102534417,0.03672175634322928,0.08726708118719288,0.06996358051150597,0.1000000000087664,0.37011820795443895,0.07168309201581502,0.35511396108653814,0.5732029468976468,1.0,1.0
0,0.029999972443716053,0.023717512127195865,0.05000000052808875,0.18349974743952152,0.10000004448902924,0.4631978140766008,0.0723653415312493,0.6573576582541151,0.2702770002146357,1.0,1.0
0,0.029999925300036055,0.02071665785479724,0.05,0.10617552562612774,0.1,0.37143007016611856,0.013520451647281792,0.4765708298288018,0.5099087185239164,1.0,1.0
0,0.03,0.05,0.05000000000000001,0.2262292041128654,0.10000022734903874,0.49547621450036594,0.11567693581348423,0.676424153702457,0.2078989104840587,1.0,1.0
0,0.029999999999980934,0.05,0.05000006298873909,0.20119240525599935,0.10000258883992515,0.49519315734287433,0.0977279040053022,0.6452335332011321,0.25703856279356585,1.0,1.0
0,0.02999907331309406,0.030736845245492923,0.050000376416117605,0.18892668096724516,0.10135256733492912,0.4545059082267744,0.06818828477770604,0.5883733803483117,0.3434383348739823,1.0,1.0
0,0.029999999390903826,0.04999999999683893,0.07203634330468614,0.12564852933350065,0.10000049026403589,0.39148984379069546,0.0882966440549193,0.4441665655988249,0.46753679034625584,1.0,1.0
0,0.0299999865718038,0.02366068450500174,0.08872715590623255,0.0598918601616692,0.10000000000001867,0.36458980500304744,0.08110523376306732,0.3381650366328172,0.5807297296041155,1.0,1.0
0,0.029999959177661403,0.049999712532240705,0.0500000000002895,0.11251366923908095,0.1,0.3857652418456494,0.04174064356159867,0.4645696033905639,0.4936897530478374,1.0,1.0
0,0.029873795879367972,0.04896461060243038,0.050000395225685654,0.11012137645302744,0.10000000001250299,0.37825074902627503,9.911788709676557e-09,0.42378851746080715,0.5762114726274042,1.0,1.0
0,0.029999983854304683,0.049999999992617665,0.05000007337416855,0.1702219516162061,0.10000025158058218,0.4934402654923159,0.06245834628126698,0.5781053240385414,0.3594363296801917,1.0,1.0
0,0.029999946187119233,0.03535079352907564,0.05000000581782031,0.18972715421225808,0.10000005517035461,0.49124786816343985,0.050269226479743995,0.6689772102202217,0.2807535633000342,1.0,1.0
0,0.02999999999927456,0.04999990290674261,0.050000000000062876,0.23459823967737228,0.10000176861017256,0.5728320390596214,0.05550883768352134,0.7742933394807896,0.17019782283568896,1.0,1.0
0,0.029999999999991766,0.05,0.05000000001135467,0.179032700201666,0.10000061137823478,0.47490936509610476,0.07961320958559928,0.5904045888943541,0.32998220152004654,1.0,1.0
0,0.029999999818407428,0.04999999999999996,0.05000000000896022,0.18413778015827706,0.1000032173855902,0.4625819797729396,0.05223802890713249,0.6277259697155122,0.3200360013773552,1.0,1.0
0,0.029999999222683947,0.04999999999997497,0.050000000070637506,0.1699471136689868,0.10000048919661454,0.43928913054094726,0.05735286299023602,0.6059043207068178,0.3367428163029462,1.0,1.0
0,0.029999982194274515,0.04999999993164179,0.08888255848573953,0.07663296979257983,0.1,0.32189635754640117,0.05640593864132377,0.36992447484471586,0.5736695865139604,1.0,1.0
0,0.029999999969875582,0.04999999999489218,0.09999996228074147,0.0972012588712925,0.10000004240952458,0.3846317774864698,0.07720620722900107,0.39728485473442643,0.5255089380365724,1.0,1.0
0,0.02999999999435465,0.04999999999999995,0.05000000423235158,0.17415731952754054,0.10000035935970497,0.42998209623764366,0.08175870519929229,0.5687034211408902,0.3495378736598175,1.0,1.0
0,0.029993545549434973,0.04999965107743353,0.05021493522827606,0.10541726682494319,0.10000736615940069,0.3911105957401244,0.06213112936029381,0.34834075644881785,0.5895281141908882,1.0,1.0
0,0.029999992211144872,0.04999999834104792,0.05000000034441777,0.15080436463840732,0.10000000000013949,0.44659666905636436,0.06407197202753893,0.5400519177035251,0.3958761102689359,1.0,1.0
0,0.02999999225387166,0.03766154808198097,0.05915094460535443,0.06304621786113841,0.10000000000251913,0.2592272039294551,0.1406998097253526,0.4338501126741983,0.42545007760044906,1.0,1.0
0,0.029999999801006164,0.04999999995411746,0.05000072962825788,0.10806403587327539,0.1000000898878093,0.30351948393284206,0.16242222165917639,0.5466856985825833,0.29089207975824044,1.0,1.0
0,0.02999999728895702,0.049999988969661326,0.05000009537924515,0.1025255726436783,0.10000025210306997,0.2953141343027325,0.14773260251480566,0.5499747048587863,0.3022926926264081,1.0,1.0
0,0.029999994402981314,0.04999993505811809,0.05000010393810715,0.10637573910343548,0.10000110268388374,0.3283715658523907,0.16087553735604534,0.5621146566215556,0.2770098060223991,1.0,1.0
0,0.029999997990734075,0.038373635153532835,0.05000000263592934,0.09732267728252382,0.1000000900165256,0.2838550895757498,0.12112037344925482,0.5796015781442111,0.29927804840653394,1.0,1.0
0,0.029999999999999322,0.05,0.05000000008899722,0.20131322033981475,0.10000401306910534,0.46228137488101423,0.07500930474723445,0.5903107533624855,0.33467994189027994,1.0,1.0
