,mu1,lam1,mu2,sigma2,mu3,sigma3,w1,w2,w3,score,Target,Stimulation
0,0.12187866894037556,0.04999999999999808,1.2124723262890382e-11,0.12999986057260998,0.20000027172189483,0.21446438608053137,0.24973248156600328,0.43392233458541385,0.3163451838485829,0.27764895158693115,1.0,0.0
0,0.08899093632679794,0.0358304607580247,0.13460610005708926,0.16763871016449866,0.30605916617494766,0.4131867825788407,0.19742528583204008,0.5751376832134124,0.22743703095454743,0.17782904825735102,1.0,0.0
0,0.15888602744711278,0.035607239365888416,1.8730665547689513e-31,0.2362293702996869,0.20000754885058533,0.44934684493235383,0.23419802327443184,0.5479385943439853,0.2178633823815829,0.3490723505506004,1.0,0.0
0,0.11409098745058277,0.03513182598004708,0.08889578736786022,0.14733379902653165,0.20000067911436017,0.4307800039196128,0.15380704142293822,0.5173320686522409,0.3288608899248209,0.2516633374328852,1.0,0.0
0,0.1218840453965075,0.05,9.418905734637226e-26,0.27318411526734404,0.20000260465689343,0.5620295345695865,0.20843969903028434,0.6438533194647387,0.1477069815049769,0.3784835498102878,1.0,0.0
0,0.11400406387051093,0.03281485663005926,0.12941657137571336,0.12460214659646138,0.20000053197387627,0.40135356165428737,0.2176851554427181,0.39069321308176513,0.3916216314755167,0.18500234700619453,1.0,0.0
0,0.2,0.04999999999939196,9.078961921366167e-28,0.22266326070367587,0.20000242570350746,0.3853038385674092,0.11631572810761467,0.6644459595233946,0.21923831236899083,0.40300017556734935,1.0,0.0
0,0.10785634199377898,0.033907230607653285,0.03973333774581531,0.2019837043563876,0.3723403077934174,0.360329594083238,0.11125140241659583,0.6875545511674387,0.20119404641596544,0.32571332128811453,1.0,0.0
0,0.1700739017752572,0.026376963402719295,0.0664445194667549,0.13139121226047484,0.20000038930594277,0.35495366864258565,0.12507718656028985,0.4501793088730732,0.4247435045666369,0.26548667641661655,1.0,0.0
0,0.16195587576614479,0.04500879635658206,0.12704944376217325,0.09827465547139816,0.20001222893274936,0.3132231269989698,0.33942555500672933,0.3248886592401359,0.3356857857531348,0.1336454489088263,1.0,0.0
0,0.12279965971555235,0.028561938309016394,0.1059685283985997,0.07896653102072075,0.20000010598936863,0.30173313734780005,0.16305114706239474,0.32224113244287167,0.5147077204947335,0.16959264450942005,1.0,0.0
0,0.09688293654023261,0.0289381483754981,1.0361726719692314e-08,0.20596462888154995,0.20000059903748146,0.4352203631138968,0.09947770296349248,0.6621566484186562,0.2383656486178513,0.41274398073331364,1.0,0.0
0,0.11041329490052523,0.02048159824990106,0.050806737197356504,0.1480073704052332,0.2000036355275433,0.3788249379311875,0.11711085485823976,0.5344392510839021,0.3484498940578582,0.3061930106435535,1.0,0.0
0,0.12451420798459359,0.04999999998976514,5.366225742242898e-10,0.1492524446946169,0.20000877345999693,0.2700923697956967,0.19951550625347703,0.5142497004228095,0.28623479332371354,0.32791829714318255,1.0,0.0
0,0.11791110660755877,0.049999958651481755,1.2014943622753569e-11,0.17018379078102067,0.2000002150206095,0.3780888792587048,0.13706123459632472,0.5431101703011431,0.3198285951025322,0.3717059981390491,1.0,0.0
0,0.09383487537913625,0.04125560524573836,0.06663374838825313,0.12545676429607158,0.2000018651020025,0.31242311122753424,0.24283837205429026,0.4862856447458629,0.27087598319984685,0.22081202914944847,1.0,0.0
0,0.07710634673159328,0.025816341196569892,3.48490616473631e-13,0.2553673204342126,0.4606163718773384,0.37846680525030885,0.17471263770292053,0.697463578893035,0.12782378340404446,0.3675412504158981,1.0,0.0
0,0.14950598977873686,0.024441962725075903,0.10415285136367024,0.09785018797376341,0.20000043088688396,0.30568515549775954,0.12174765540143621,0.38877413804468525,0.4894782065538784,0.19026501180180597,1.0,0.0
0,0.10736365179368922,0.04999999999825072,2.337305381269356e-15,0.2234918763574724,0.20000369456617068,0.4197946659115001,0.08556918104460343,0.6733718128504556,0.2410590061049409,0.41785277001887233,1.0,0.0
0,0.14246803157204105,0.037206320589655936,0.0463652471853881,0.20540540633476925,0.36928629433163335,0.2579220088559078,0.23575974910428044,0.5914346118891487,0.17280563900657084,0.2601554391335808,1.0,0.0
0,0.1260892516463272,0.05,7.474516295057659e-11,0.23509012329277298,0.20000121747580696,0.5029504987361045,0.17272910387263518,0.5876627402414547,0.23960815588591,0.3804985158480847,1.0,0.0
0,0.0927084891490188,0.04362626832216665,1.2400654666209488e-10,0.22579198192600383,0.2026143709692131,0.3889592349973718,0.15293784088225268,0.5928646638505692,0.25419749526717805,0.37706410732984014,1.0,0.0
0,0.09762805303095694,0.05,4.765452171701239e-20,0.21168915209127825,0.20000437522757109,0.37320815368610805,0.1585616508012299,0.5518741774042538,0.2895641717945162,0.3655893588465754,1.0,0.0
0,0.1575689187565835,0.049999904411942415,4.491049742878281e-07,0.18058840643734614,0.20000077371238215,0.3674473300575073,0.15614109791907152,0.48142979618283704,0.3624291058980916,0.3511692200784909,1.0,0.0
0,0.09582118054010008,0.042758894198025636,5.576918506200337e-13,0.26901827526072203,0.599999126147352,0.46508522361215937,0.1626265654040777,0.7627284211227882,0.07464501347313424,0.39249131048374264,1.0,0.0
0,0.11914769486886763,0.035027265131921316,0.12974212720062026,0.06868016884711538,0.20000039397541802,0.3119717266927751,0.26768937750797306,0.3052973217263459,0.4270133007656811,0.12969746633018175,1.0,0.0
0,0.11974850209962565,0.027157364038516717,7.976625321507671e-23,0.23849150126584853,0.20000162699280166,0.4875316717442855,0.1348702718621911,0.6694690308291787,0.19566069730863017,0.4065882798679929,1.0,0.0
0,0.07980982160539324,0.03220228975710572,0.05234386200199222,0.1523104116739408,0.20000795855229814,0.31611648805698805,0.23882577144735015,0.5766419067167449,0.18453232183590493,0.26512961031869253,1.0,0.0
0,0.1387355609857602,0.04249476448294143,0.05633059056621275,0.15777137857894757,0.2710672054164804,0.2908848383859549,0.2918564749489017,0.4209172612361294,0.2872262638149689,0.20606115437237377,1.0,0.0
0,0.09723189194682687,0.037309516611559276,3.3002015638157715e-26,0.22418495995222834,0.5999990447125176,0.19226828430973544,0.24291056746005402,0.6932373961220097,0.06385203641793623,0.35052955029879124,1.0,0.0
