,mu1,lam1,mu2,sigma2,mu3,sigma3,w1,w2,w3,score,Target,Stimulation
0,0.02444832679767779,0.023247214007732813,0.08147130925330502,0.13638574941561468,0.3905173265043059,0.35290523120928324,0.9999999916071788,6.255796121862083e-09,2.1370251544558116e-09,0.041025211142455276,0.0,1.0
0,0.024130003697651992,0.023171927540145826,0.08479843386492084,0.1756042799372729,0.3922963864896034,0.35635245829031637,0.9999999594013539,3.140765901319259e-08,9.190987090405392e-09,0.04103438906957857,0.0,1.0
0,0.024191135906274988,0.02298336797912242,0.07998760728828427,0.1229194256669147,0.39071702863383606,0.3530997522517749,0.9999999920936496,5.488486674734186e-09,2.417863751015163e-09,0.03887720708264408,0.0,1.0
0,0.02433849491418125,0.023303832603834847,0.08134427396479649,0.13859118242490384,0.3912514783175061,0.35466423431382316,0.999999991006625,6.425578793092245e-09,2.5677960752563848e-09,0.041032930947001556,0.0,1.0
0,0.02425855217420609,0.023075289691669967,0.0836677469765813,0.1585652301739024,0.3920771854729604,0.35472911150265535,0.9999998876228651,8.092017503119945e-08,3.145695988540117e-08,0.041701861874982704,0.0,1.0
0,0.032935577620242726,0.025786636850779716,0.0640564036987924,0.03687021010458423,0.3855985134155919,0.34785270734397417,0.9999999498062692,3.5596411796590665e-08,1.4597319169889308e-08,0.05960035865761304,0.0,1.0
0,0.033895762386852456,0.02360623468588013,0.050658464046491526,0.03699496715073017,0.36116190718691754,0.3346406575550429,0.7064082679910806,0.29359172572900855,6.279910870779564e-09,0.05337026548116797,0.0,1.0
0,0.02962291631954013,0.025026827279692933,0.06836714480522059,0.04876802602632649,0.38654521157394894,0.3464994705497491,0.9999999860031783,8.791541433041772e-09,5.205280385628985e-09,0.05976245191500207,0.0,1.0
0,0.03502928770988596,0.02335106795891819,0.049203616986456,0.027557043576221213,0.37716185442981537,0.34890819058853656,0.7770098547639026,0.22298757396567445,2.5712704228408012e-06,0.03201801928989456,0.0,1.0
0,0.0329783383178924,0.026355203912074337,0.0656888656189445,0.042610007594623946,0.38675305868923565,0.3502326162903464,0.9999999083410727,6.059516631700016e-08,3.106376115884442e-08,0.058111555885083765,0.0,1.0
0,0.04926156714245718,0.026240300155887724,0.04376642870652565,0.06810535742839903,0.32591622982795426,0.22487884235464584,0.6019145917371451,0.3980854005181191,7.74473586052542e-09,0.11854130608689994,0.0,1.0
0,0.04724911986743354,0.02573186835818771,0.04918147504709103,0.06356775983400731,0.32931680282356257,0.2272049463565391,0.5963535393075095,0.4036464543267728,6.365717791104213e-09,0.10303215819962144,0.0,1.0
0,0.052968715375011556,0.026762893309559513,0.04175964090593107,0.07612820179614344,0.31717660228340394,0.18777343769169655,0.5522940521527002,0.4477059213028828,2.6544417021086376e-08,0.14447412013248404,0.0,1.0
0,0.054536475048043244,0.03125690891447318,0.03276304748401988,0.08782986817594265,0.3193524919669825,0.18705963020851432,0.5481909578406838,0.4518089858027098,5.635660629349626e-08,0.16959138969972753,0.0,1.0
0,0.058378507830248144,0.02662208642811207,0.021174603769332185,0.0971591087465987,0.32499189256720734,0.2867404411080931,0.45633410534040825,0.543665849251119,4.5408472666208284e-08,0.2341278599059109,0.0,1.0
0,0.05801863678277167,0.024643231945047223,0.0516865222473599,0.06662866388784938,0.3192730597133181,0.17147344323040054,0.5271407221922686,0.4728586803923296,5.974154018036017e-07,0.1227164640449186,0.0,1.0
0,0.051548475666016426,0.027680314374769963,0.03565006476262126,0.07885992248130153,0.3258103734954635,0.2136050610265289,0.5122446960747176,0.4877552282312116,7.569407084452746e-08,0.1676200463806864,0.0,1.0
0,0.04943377817348629,0.026923111473729253,0.035932483254565266,0.08287162698143537,0.3219076825237447,0.20409057285612595,0.5495646042934276,0.45043538160817714,1.4098395135361511e-08,0.1646044850447254,0.0,1.0
0,0.05266821764023956,0.026304822603524333,0.04950711890436302,0.0680023734469842,0.32508150837594585,0.1931160616883485,0.5589955452900024,0.4410043482574243,1.0645257319104505e-07,0.11560528620879618,0.0,1.0
0,0.050272270093167294,0.025307673596138194,0.05320886838988355,0.06637056287394577,0.3226357830567881,0.19637641292452016,0.5817285956969303,0.41827137831931516,2.5983754565265542e-08,0.10751848257872387,0.0,1.0
0,0.03491272655554904,0.026384539635568322,0.0701452590223656,0.058282591777801165,0.3856085369580428,0.3527233566266764,0.9999996946188776,2.5542240072410805e-07,4.995872159280678e-08,0.06588369400967109,0.0,1.0
0,0.036090306811929575,0.026843095067315262,0.0687554862384782,0.05741587164910327,0.3851089382760378,0.3508425806466194,0.999999439324775,4.843675254603664e-07,7.630769948691491e-08,0.07009473710627345,0.0,1.0
0,0.034480882018133235,0.02629387980479442,0.0691247428435507,0.054779413921989595,0.38548248694298687,0.35306776487965646,0.9999998425898003,1.312940642474854e-07,2.6116135450183252e-08,0.06275425540665958,0.0,1.0
0,0.03669059078696962,0.028578352442748634,0.06716465439497386,0.04886997200686443,0.3850324209918782,0.3521516228373346,0.9999991096733372,7.747032131085269e-07,1.1562344973727155e-07,0.06200511041753254,0.0,1.0
0,0.02517364150838483,0.022888978413187173,0.08333080427572268,0.1604563902507054,0.39156897445416683,0.3562242585232024,0.9999999793814254,1.589331120259459e-08,4.7252634370749346e-09,0.04706005357563958,0.0,1.0
0,0.02535781388936352,0.02348892820260342,0.08222015764510197,0.14859056020867503,0.39102820502547,0.3558577978086717,0.999999989715865,7.98027310356306e-09,2.3038620128846646e-09,0.04224491259015484,0.0,1.0
0,0.02528006852317176,0.02329554179638442,0.08528405004115154,0.1785208353253793,0.3921809549995786,0.35610208991165804,0.9999998187978163,1.4016511147578734e-07,4.103707218874971e-08,0.04630335239853067,0.0,1.0
0,0.025712685754929573,0.023284093233213864,0.08195756976627937,0.14868636467542642,0.39170087188621766,0.3559315410509161,0.9999999890234811,8.072874137991262e-09,2.903644834057659e-09,0.04937867758379422,0.0,1.0
0,0.02548693553902316,0.023183955835627275,0.0835297673500268,0.16101354943379123,0.39171052677358587,0.35590283839709447,0.9999999595909547,3.0698103807171356e-08,9.710941725019113e-09,0.05036107095999165,0.0,1.0
0,0.02560371082573637,0.022966991108637907,0.08222945417773848,0.1482725260175748,0.39119013474755426,0.35544121104678705,0.9999999879322145,9.189668826767292e-09,2.8781165911564203e-09,0.04536291847840801,0.0,1.0
0,0.0256591120207388,0.023202592514433736,0.08204742119233388,0.15128978791627912,0.39163563151385405,0.35653115415855174,0.9999999942438795,4.23797372985771e-09,1.5181466641236335e-09,0.05015963962997394,0.0,1.0
0,0.03399508140923147,0.026127588320746777,0.06257294047430638,0.03123204313526469,0.3841754612677577,0.3448612068691839,0.9999997516380508,1.8977050101478904e-07,5.859144821684536e-08,0.060656684366726665,0.0,1.0
0,0.02529682690795993,0.02370303265183602,0.08309401361465986,0.16156527699487788,0.3918160794737533,0.35676825544081403,0.9999999903978883,7.254250813012885e-09,2.3478607097589693e-09,0.05161180541369648,0.0,1.0
0,0.025492297760028898,0.023798060994359126,0.08412141672559274,0.16844747294881576,0.39209163951715365,0.35632082304531093,0.9999999322861238,5.110136467692554e-08,1.6612511436153832e-08,0.047865696644493916,0.0,1.0
0,0.025220276944469596,0.023137336658628365,0.08320257411704,0.1595704247320473,0.39159291060244783,0.35612631653401655,0.9999999846190404,1.17528690613855e-08,3.62809049438467e-09,0.05435340103211417,0.0,1.0
0,0.03444433346064522,0.02678491422078707,0.06797311153968848,0.053406613794856936,0.385163323735564,0.3530583012949414,0.9999999554545909,3.6645077087228184e-08,7.900331984464029e-09,0.06854077731196051,0.0,1.0
0,0.03797907831776985,0.0279775908010539,0.06710256691676238,0.04749311402897076,0.385126332484665,0.35163227758883686,0.9999981272482348,1.6369749513361914e-06,2.3577681389264685e-07,0.06926009006173439,0.0,1.0
0,0.03684578308261132,0.02818956776948492,0.06650257242779398,0.04330792754061758,0.38420637426725235,0.3497570915084439,0.9999991854061129,7.086072027238439e-07,1.0598668438702656e-07,0.063835215764807,0.0,1.0
0,0.03678773113778535,0.02642261907792617,0.06695312105538681,0.04943563235583309,0.3849161836431793,0.35290460646206034,0.9999992990977186,6.186459964147961e-07,8.225628488574524e-08,0.0710673969556993,0.0,1.0
0,0.05371179626703198,0.02674470775983041,0.0581151039508398,0.047881075121200115,0.33045945001444416,0.22088239390695433,0.6579561530776786,0.34204379770197363,4.9220347667245004e-08,0.0743960027416754,0.0,1.0
0,0.05181744964871691,0.026415351736237998,0.061907227540737755,0.06239620726404088,0.3235232290889122,0.21137928738389594,0.6052002629290234,0.3947997158910341,2.11799424569542e-08,0.08214255397223313,0.0,1.0
0,0.05149563159011977,0.02732976608007521,0.047707973421077875,0.07730458813094694,0.32095248369931917,0.15359043570595138,0.5532257298813736,0.44677424394997906,2.616864732477895e-08,0.13646050939990134,0.0,1.0
0,0.052446249723383576,0.02655792698263286,0.05322696968108586,0.06169923787676048,0.32170732711330474,0.20206781673293142,0.5993569429520088,0.4006430446811037,1.2366887587149863e-08,0.10074737641021081,0.0,1.0
0,0.056152682066140894,0.024883999123305568,0.057619327589689455,0.06434553653271768,0.3139565951162323,0.16430838792704722,0.5745225741217717,0.42547731350731705,1.1237091115655955e-07,0.09351976449463317,0.0,1.0
0,0.05069872837158101,0.02579119576606603,0.04039614857477792,0.07463562800919687,0.32361081169358474,0.19057775314219097,0.5445723784223712,0.4554275803025243,4.127510452374023e-08,0.143505052471032,0.0,1.0
0,0.04457384915765448,0.02483298688201355,0.02348001853626586,0.0776067357772702,0.3397243598037084,0.24161868034683437,0.5260122632559062,0.4739876535659176,8.317817606087697e-08,0.19129395018680742,0.0,1.0
0,0.050008733153801825,0.03079532191607065,2.2118119152474237e-06,0.09928591504460815,0.330409211782279,0.2527606196555829,0.5201576712137977,0.47984231035937974,1.8426822554428926e-08,0.2469849386049002,0.0,1.0
0,0.05419398310019559,0.02811783988556602,0.0006388367435537424,0.10352385554475514,0.34155210821223,0.22445752666018842,0.466307423743986,0.533687926717455,4.649538559042285e-06,0.2734043916824884,0.0,1.0
0,0.04609674542184564,0.02598154856270427,0.05140053349877455,0.06826149692939727,0.34097261759921216,0.26528270978073737,0.5663161972053564,0.4336837886934373,1.4101206275633355e-08,0.11532944487257996,0.0,1.0
0,0.04445999793962953,0.024679566820108963,0.05192179960185536,0.05931840669803236,0.338749201313056,0.2555182928104266,0.6173676103284385,0.38263237570469827,1.3966863459125805e-08,0.09271807977757612,0.0,1.0
0,0.036092772868833264,0.02745631499805737,0.06774357160956468,0.049058277225765896,0.3850488425211709,0.35224331140870946,0.9999994708092443,4.536295959619704e-07,7.556115980389227e-08,0.06549632798160188,0.0,1.0
0,0.03789840500700323,0.027753149446410056,0.06733929216292896,0.048406459054695046,0.38529935139781235,0.35188000175040046,0.9999977448572783,1.9696969524639245e-06,2.854457692936456e-07,0.07229362687556995,0.0,1.0
0,0.024729399261996122,0.023807643626523132,0.08654066004828609,0.19891938694182487,0.39309192447003916,0.35737578607421283,0.9999996142815002,3.016162976692039e-07,8.410220214771152e-08,0.043524543948649796,0.0,1.0
0,0.033010207842738525,0.026571835356445736,0.0642313593416137,0.036541372740198357,0.38573414551851193,0.3478817674729569,0.9999999335495096,4.344749192946887e-08,2.3002998739808817e-08,0.06477300739334951,0.0,1.0
0,0.024537893737419676,0.02363622466248539,0.08497199223701157,0.17527257293936999,0.3923526773166549,0.35604476791205425,0.9999998567813176,1.0772358786397189e-07,3.549509446500331e-08,0.0437149194419677,0.0,1.0
0,0.024459523645248588,0.023167568710517887,0.08362162488618213,0.16105467127125828,0.3919212386194513,0.3556452785152242,0.9999999436865773,4.198881082444121e-08,1.4324612117502362e-08,0.03703434911766035,0.0,1.0
0,0.024358234747428285,0.023341958619921097,0.08314374590822107,0.15485058742140673,0.3917677678622583,0.3551169422220006,0.9999999533775636,3.415232111189656e-08,1.2470115336120941e-08,0.04246357377494259,0.0,1.0
0,0.03277969321009169,0.023370622804528184,0.05148348588258968,0.03134358213054235,0.37530071281681854,0.3527241400235675,0.7674104366344523,0.23258844485388103,1.118511666541138e-06,0.03532912049640752,0.0,1.0
