,mu1,lam1,mu2,sigma2,mu3,sigma3,w1,w2,w3,score,Target,Stimulation
0,0.11132508362853757,0.04999999937870886,2.994231429728446e-07,0.259791744613963,0.37208447835736114,0.4262599274513847,0.2931712837108978,0.6531236633807606,0.05370505290834177,0.34030705353647017,1.0,0.0
0,0.09230431898306338,0.049999993618853655,0.06472008673619699,0.159833010981577,0.4091905253316379,0.26463266305080013,0.250040112691971,0.581473346674893,0.16848654063313598,0.21416812327302265,1.0,0.0
0,0.10255207926390952,0.04999988049147672,0.0500627729310699,0.13555221297556536,0.2000000575867679,0.3514149793488423,0.14385814988465784,0.5699660771829107,0.28617577293243146,0.28989169891235866,1.0,0.0
0,0.10830549423052326,0.037780427717880885,0.07201093185193295,0.1187610969128076,0.20001882426601658,0.31188218225778774,0.24548456589719045,0.4214774509713738,0.33303798313143584,0.206247961013986,1.0,0.0
0,0.09316104444452021,0.028996156699415177,6.405512268074217e-13,0.19709395925409628,0.20000068210545419,0.3988902548850825,0.14962212728264762,0.6485460205764363,0.2018318521409161,0.391301775066354,1.0,0.0
0,0.12564732936884115,0.031194630790654557,1.063844415476183e-10,0.1592958063513268,0.20000533202989357,0.3096632126242001,0.17290240364907392,0.6276811142296143,0.19941648212131194,0.37114707595229895,1.0,0.0
0,0.07739461187734932,0.026684480429625904,5.530313693815853e-09,0.1744946834996064,0.2000005277697258,0.35865239065694876,0.12944614799370152,0.5863275244065151,0.2842263275997832,0.38053016682643775,1.0,0.0
0,0.10413056999979492,0.04999999999554315,5.5140950616573594e-14,0.21448215630053216,0.20004013729786263,0.4361781915944516,0.10827029125952445,0.6140454306812475,0.277684278059228,0.40090612937313436,1.0,0.0
0,0.13504145753500385,0.02913076030559558,4.779661614056755e-11,0.22557299815609452,0.2000006102595166,0.41854370090418896,0.11130730616523701,0.6305258996086811,0.2581667942260819,0.40156513470643096,1.0,0.0
0,0.14527320460245527,0.04999999315853543,0.11058282053082025,0.09360377124442465,0.20000004946798794,0.2951121381386091,0.18561053344565553,0.3266325725373936,0.4877568940169509,0.16945421190884252,1.0,0.0
0,0.14275761440675477,0.035474436830132856,0.00011767270454926505,0.2206465108846173,0.48317275194648407,0.2465273413223062,0.1989791297553758,0.602314691128859,0.1987061791157652,0.3095561853727785,1.0,0.0
0,0.14275986122700896,0.0499999998838492,0.1402311938966293,0.14419808473424878,0.20000047523971848,0.4004952316850782,0.22011428372294775,0.48998522565991914,0.289900490617133,0.17424621151867759,1.0,0.0
0,0.136766850429851,0.03970758902758156,0.09136428378459624,0.11031895809457948,0.22578856737534322,0.32636018484846974,0.1686867058312196,0.4232576916357357,0.40805560253304474,0.19235530252559035,1.0,0.0
0,0.15740859092307155,0.041281584209854165,0.13130774060354689,0.1101195683548108,0.20000072933820565,0.34815453049177847,0.23784621315452298,0.3500262498930391,0.4121275369524379,0.1667782196499195,1.0,0.0
0,0.10828070445978288,0.026080305601142145,0.08252459589292782,0.06844336346412735,0.23072120596206186,0.21277709169094233,0.264131429409819,0.3198237620483204,0.41604480854186054,0.11214321707528625,1.0,0.0
0,0.10783108553189472,0.03197932279265111,0.09377977107346183,0.05429275196259749,0.20000008619304063,0.17537228490390913,0.4056850989426676,0.2842529434491497,0.31006195760818284,0.061950606248478673,1.0,0.0
0,0.09785604392101138,0.027341756645793126,4.5709400716435695e-17,0.1513998562210096,0.200002487794147,0.291238684830565,0.19010596819521053,0.6031471941864697,0.20674683761831983,0.3585359252841002,1.0,0.0
0,0.09548886133714501,0.05,4.3839001250923015e-32,0.2659589239746661,0.5999963370148107,0.3544544152959561,0.30250809963930647,0.6331134049748042,0.06437849538588936,0.3224979719200843,1.0,0.0
0,0.1546961401382048,0.032952246069541065,0.0960132158971636,0.06476364447038188,0.20002816220180752,0.26155758864051304,0.29226649932133886,0.29402971380063414,0.4137037868780271,0.12582808286038946,1.0,0.0
0,0.12258662197109714,0.03663382468678623,0.1005003656343178,0.09789968135730828,0.200000182714531,0.3290924820921009,0.2137273887218214,0.37067669254714325,0.41559591873103546,0.18073323970515498,1.0,0.0
0,0.1145470447224341,0.05,4.30196520224865e-74,0.270589521202716,0.20001860857472506,0.5311949055098771,0.2957072655492331,0.6020859066532975,0.10220682779746933,0.34034091537122096,1.0,0.0
0,0.16646654250380194,0.05,2.1371504486624782e-73,0.16053063636513917,0.20000136915820327,0.29903849783134645,0.23060447875710097,0.4261709507777521,0.343224570465147,0.3041004130539853,1.0,0.0
0,0.13278515306922467,0.04088276270933485,0.0924180082672141,0.16336865413649937,0.20000219417279735,0.3905386751043931,0.25008100436657904,0.5496850401027019,0.20023395553071915,0.22254912029870919,1.0,0.0
0,0.10761017223573784,0.04999999999999428,2.5736020213761253e-19,0.23404959077627005,0.20000198942306985,0.4616002514633133,0.2166692640586953,0.6137654280592921,0.1695653078820126,0.36692473410021775,1.0,0.0
0,0.08094865708661053,0.03264649599839463,0.08158919717746727,0.07444219843285832,0.2000139610226453,0.19940340785252514,0.33013730094284244,0.4054757202473912,0.26438697880976636,0.10741996963679806,1.0,0.0
0,0.14659700206609363,0.029162892193250613,0.04601561835633741,0.16540364661362375,0.20000052717868397,0.37186490856851684,0.1876465553187675,0.5366913639823642,0.27566208069886844,0.29865496021217164,1.0,0.0
0,0.13892509990094157,0.02881714640477864,0.09586335125561801,0.066925594196929,0.20000014153088239,0.2961016323626471,0.1784368423770939,0.33344323169347007,0.488119925929436,0.1625310567936597,1.0,0.0
0,0.15921726571177974,0.049999999997626686,3.64231568072904e-14,0.194057766749493,0.20000145238079647,0.4286119598698528,0.22100671215595344,0.5487514985088466,0.23024178933520004,0.3521166778178023,1.0,0.0
0,0.088739284440424,0.027413502658158312,0.0697413683347845,0.06202122162933174,0.20000011677314777,0.14462735676712976,0.3137162640290156,0.4372414371435869,0.24904229882739762,0.09071545794056074,1.0,0.0
0,0.08466439942406903,0.03847389848048697,0.06906398626116694,0.10314239524850036,0.20000090688699973,0.2193804335564766,0.3719279139494033,0.4065502451127324,0.2215218409378642,0.15181714585286504,1.0,0.0
0,0.08316240784381974,0.02998127149493844,0.030052892389002335,0.13351759325355736,0.453824367812957,0.08490766463430563,0.3101383318717859,0.6584492606079069,0.031412407520307405,0.27705725752719546,1.0,0.0
0,0.08494612094555595,0.0386831871482414,1.3514039966673478e-07,0.23931409496915296,0.562473965635852,0.3254317602478705,0.12000007834892172,0.7429454170968197,0.13705450455425858,0.38111462491129156,1.0,0.0
0,0.11067078525315166,0.05,1.442492963740577e-15,0.21197180022436762,0.2000020404317716,0.428975806491259,0.11693581021419315,0.6075158663794245,0.27554832340638236,0.3962069051139233,1.0,0.0
0,0.12794022029206484,0.04999999998918122,3.46146842271915e-14,0.2325628422831664,0.20000100202183488,0.47305270905402586,0.11628640969304725,0.681009239133394,0.20270435117355887,0.412775670283143,1.0,0.0
0,0.10377634116925444,0.03881487440715824,2.7753516595922677e-17,0.25304733743446045,0.20001411934875654,0.5836088072819126,0.14693556390337323,0.7138305583554097,0.13923387774121707,0.41171424021808023,1.0,0.0
0,0.0983570699160971,0.042433691192443265,0.10701908362089496,0.1447950037627252,0.2000093333339297,0.43612289499337664,0.16751420395873817,0.49043931376116273,0.34204648228009893,0.2276210287075364,1.0,0.0
0,0.12407727625915542,0.04116910945711189,0.08991647172360219,0.1665125145984899,0.20000233832928768,0.360043691443548,0.27315093374037014,0.5198551840013239,0.2069938822583061,0.21694426306211423,1.0,0.0
0,0.19999975217683041,0.049999173804982526,0.07278283508609615,0.13927532999824724,0.20018031617732462,0.3562210375669427,0.20277615377482136,0.4392585865653866,0.35796525965979203,0.2391698776678095,1.0,0.0
0,0.11601436009287017,0.04999999998799158,0.04755917596360063,0.24212248488554833,0.2982136622387756,0.5441023861408367,0.20056880862774026,0.6671506296506093,0.13228056172165037,0.32529066696048436,1.0,0.0
0,0.15083557963914207,0.03610122303231363,1.096327641061332e-09,0.2249520279279852,0.2000021991278013,0.3523050530547667,0.1836798995472612,0.4954394995817267,0.3208806008710121,0.3430441467592649,1.0,0.0
0,0.17089372572038142,0.042392591550746164,0.12387423349916207,0.09353824806146897,0.2000003249227511,0.3524262872598909,0.28378247483237107,0.27633838950099393,0.43987913566663495,0.16145409233109947,1.0,0.0
0,0.07750468817180382,0.02380605409015396,6.027363951718683e-08,0.2215775159280812,0.2000034509186151,0.46440594322042,0.14799070890788632,0.6001275552506248,0.25188173584148893,0.38910977802549296,1.0,0.0
0,0.09952198827658838,0.049999999886738596,6.834594634419246e-08,0.16948149414420047,0.20000117286441654,0.34237015059220066,0.17591356622334145,0.5281553008865797,0.2959311328900788,0.3518994823806344,1.0,0.0
0,0.09914746941684582,0.025830803307273588,1.641464699584181e-15,0.19976647340699485,0.20000191686704616,0.3768713038489809,0.1667044879280598,0.603717598877097,0.22957791319484316,0.3752030868043724,1.0,0.0
0,0.14563675273896634,0.04999999995390838,2.5326743743433634e-15,0.16428677275363862,0.200000617042614,0.3245010155995685,0.19499797142170278,0.5631291042171824,0.2418729243611149,0.35144327661903274,1.0,0.0
0,0.13241891850528528,0.03172083935566324,0.07304732144874113,0.09486836276228675,0.20000189026966322,0.2602351971003248,0.1803949850208364,0.39269615491852544,0.4269088600606383,0.18648990525362386,1.0,0.0
0,0.11363379952478787,0.049999999999999205,6.891687060958991e-17,0.18946319376131437,0.2000005885201653,0.39425038336351614,0.22422636050586764,0.5711580802998819,0.20461555919425037,0.3527911378422236,1.0,0.0
0,0.12599514268088405,0.035497268922779275,0.09308633846331221,0.10648725094112396,0.2000013729687766,0.28717868240289907,0.2102568949315641,0.43797816389989624,0.3517649411685397,0.17407465322483884,1.0,0.0
