,mu1,lam1,mu2,sigma2,mu3,sigma3,w1,w2,w3,score,Target,Stimulation
0,0.05332289204634965,0.02861813705788913,0.02134006927490744,0.09242103527777262,0.3147719638986872,0.16326736275239,0.5305354545915318,0.46946447812610753,6.728236071238935e-08,0.19961042903399337,0.0,0.0
0,0.05397271390286538,0.027627269586761156,0.029529505592754354,0.08301719029195875,0.3154922050619601,0.16337457692278226,0.5198434022127238,0.48015651425510264,8.353217360434165e-08,0.181953414544351,0.0,0.0
0,0.05315814932409046,0.02532809752858564,0.0386101876964039,0.07864907112375678,0.3224592602750994,0.20509934507485647,0.5299709965221648,0.4700289309804639,7.24973712497423e-08,0.1564407534407303,0.0,0.0
0,0.05182731010111457,0.02743132090435707,0.02687638511457017,0.08664532814484549,0.3209146858852178,0.17331051944378295,0.5132975280993733,0.4867024142529044,5.7647722167018326e-08,0.19266203963617254,0.0,0.0
0,0.0547845480682026,0.02792961255165661,0.029433726207489047,0.08230265059540538,0.31815421650384623,0.17815370752853082,0.4895630648673372,0.5104368657833802,6.934928269232322e-08,0.19275866786161336,0.0,0.0
0,0.05373734448036391,0.024529833150344,0.06324886518552479,0.05434188489217138,0.20000015819466435,0.08964409020423986,0.40596460997750666,0.4715899638574864,0.12244542616500702,0.07498208980984197,0.0,0.0
0,0.049487463751354266,0.02883881837038065,0.055957919693596064,0.06924368869464026,0.20000043573661755,0.12078093431310095,0.4094575462432891,0.4819528918711373,0.10858956188557357,0.11868527666854115,0.0,0.0
0,0.06394090853478072,0.027257784894364968,0.06231475226905575,0.04794551212423657,0.2000000005801914,0.07121863594307352,0.44836402647187645,0.43525191511696215,0.1163840584111614,0.058917803764509,0.0,0.0
0,0.059558426592381,0.031023806727227675,6.755021989714807e-06,0.12704095821353054,0.2878812233235415,0.06908397136080209,0.4653021944040861,0.5346972050787382,6.00517175678192e-07,0.27338164108377977,0.0,0.0
0,0.0693294647290054,0.03479073950436237,0.0006958508380614329,0.11256207876059476,0.3077919635443636,0.16151388594763966,0.4157683136790209,0.5842309908182471,6.955027319717858e-07,0.29733560089101874,0.0,0.0
0,0.059073044166052205,0.02336521145508146,0.06342386679680731,0.05315931848553802,0.20000017851478613,0.07836371886592927,0.3866296434862482,0.4812212963760809,0.13214906013767083,0.07418546906089385,0.0,0.0
0,0.06548804053564576,0.025963042057914467,0.06819542196099962,0.05040335745398593,0.2000000970183935,0.05427117342885044,0.4802520611975659,0.4182703491096317,0.10147758969280235,0.061869842243419404,0.0,0.0
0,0.05805392476025134,0.028006618046161526,0.05859754203099923,0.0636820784968074,0.20000009036179492,0.09902822039942964,0.3995943398305668,0.457779992781263,0.14262566738817006,0.10084773858490467,0.0,0.0
0,0.06236477679319017,0.027213345313888363,0.05775064309161726,0.053411964036043466,0.20000385255622036,0.09295205418524216,0.36913899387925175,0.4336613613637309,0.19719964475701726,0.0781950937969417,0.0,0.0
0,0.07138810765926208,0.024432720839358,0.06596652383697596,0.06127198464534058,0.20014313918550086,0.1138371594581602,0.3398399760779016,0.46870770008233176,0.19145232383976665,0.09217611120286526,0.0,0.0
0,0.05617861256128385,0.025834313163536616,0.038464542408915336,0.09208178500686001,0.20000415951460215,0.17607311029847952,0.27789928271932135,0.6382217925349295,0.08387892474574904,0.235913223536097,0.0,0.0
0,0.06376119228644049,0.027112651642304975,0.05809012859111599,0.07389024133844879,0.2000006832777129,0.14980145961868957,0.35078586950165574,0.5093510068540071,0.1398631236443372,0.1333085469239805,0.0,0.0
0,0.07035224080051801,0.028053658476172354,0.05742409102167598,0.0681692403087825,0.20000023427911282,0.10768670612850025,0.37590457071893285,0.45862333308072617,0.1654720962003409,0.10609739365955198,0.0,0.0
0,0.06095408395830228,0.02829116809996149,0.06648668885218938,0.047066108597237644,0.20000006564481065,0.08242894385217656,0.46840817406271934,0.3696411831580686,0.16195064277921212,0.048422574617666775,0.0,0.0
0,0.06672393520653555,0.03217630191745418,0.023597002156917523,0.12195328591459355,0.4104137316663601,0.029631135400963127,0.39347144202573436,0.5956790677554582,0.01084949021880752,0.25856078979358643,0.0,0.0
0,0.06297751062906685,0.02764140634331554,0.06004039175034262,0.05640526233807523,0.20000015141426075,0.1009643457049367,0.3584367846559289,0.4877340250607741,0.15382919028329708,0.08933692369490953,0.0,0.0
0,0.06395884924162933,0.025155317949386406,0.05846030047627052,0.0493335646820208,0.20000037635955542,0.08784445705633254,0.3385553163518101,0.49323781855903787,0.16820686508915214,0.07572778607111572,0.0,0.0
0,0.0518712028612226,0.026180997415758512,0.06283065373960488,0.07974981883819138,0.20000105979984897,0.13880068253607725,0.37768909518143085,0.5214010675970172,0.10090983722155204,0.1320565829616516,0.0,0.0
0,0.06189637344768989,0.026987985758573783,0.06129939396280015,0.06397969097361192,0.2000006922184693,0.12151017725249318,0.403826053739202,0.45635430176511194,0.1398196444956861,0.09529174930661422,0.0,0.0
0,0.0597584357731594,0.027464382858513825,3.24580365113239e-06,0.11570086620979667,0.25110263361613244,0.025214022232372,0.395559659387178,0.6044403322289796,8.383842295097059e-09,0.3100036855047899,0.0,0.0
0,0.05528946905842748,0.0323273744586705,1.6129856065447188e-07,0.1227326001135581,0.27335944700553744,0.06917532984137237,0.4610473152476899,0.538952684656971,9.533905704782719e-11,0.27557029028562086,0.0,0.0
0,0.06200507558311239,0.0305562742499832,4.698677823651937e-07,0.1174094942356416,0.2386504269209302,0.016568323284466113,0.46239714007957605,0.5376028579848153,1.9356085853341623e-09,0.2753405606338981,0.0,0.0
0,0.06279163396908674,0.027891844962709484,0.061002891416088015,0.06103685471622424,0.20000044304602935,0.10453848130844659,0.4282206081935399,0.47227711213356033,0.09950227967289967,0.09558449462411,0.0,0.0
0,0.12980181217193046,0.022911847455179237,0.04868800681095579,0.12443909443220894,0.20009059463245263,0.24678662723023614,0.2732014303279786,0.48651470400838565,0.24028386566363577,0.22642698739312905,0.0,0.0
0,0.05869858521688988,0.032322831288451266,1.0800335044279962e-06,0.12570973077165498,0.2443986838934153,0.019133192584184642,0.4491365738592266,0.5508634259293802,2.113930373685457e-10,0.2814658548961766,0.0,0.0
0,0.0572316152205274,0.02238657820632193,0.05610817278653223,0.054298480500083124,0.2000001860247138,0.08566144768528051,0.34087557698099497,0.5325801720832182,0.12654425093578697,0.0929734403580022,0.0,0.0
0,0.05905297763375603,0.026326070235506583,0.0685334410972915,0.05366299865217826,0.20000008848253434,0.0771387414948136,0.41706160122382224,0.46060773680545664,0.12233066197072126,0.05977319143343213,0.0,0.0
0,0.057823213375401944,0.027201536362268977,0.0456044559843963,0.07257042764772112,0.31435182693032016,0.16769078333560924,0.533354861962436,0.4666449496022201,1.8843534387594044e-07,0.13406053872049234,0.0,0.0
0,0.06464139217597147,0.03631466367401777,2.46423410204515e-07,0.11089799776479456,0.2629861124306241,0.032632323230529066,0.4073084441757216,0.5926915508807941,4.943484301980425e-09,0.303096029024913,0.0,0.0
0,0.04904499975484598,0.025397390062527128,0.05826632668670001,0.06547883887156325,0.2000016284258733,0.11058344256397956,0.3684066293340481,0.5230709703049,0.10852240036105183,0.11344724715531965,0.0,0.0
0,0.055702258953342104,0.025803157939593115,0.0636947608475577,0.05146789371946105,0.20000008483502682,0.09611104672799078,0.3639577776765665,0.4766914447695187,0.15935077755391477,0.07146150535415602,0.0,0.0
0,0.050461634567106985,0.027203122389708612,0.06201570141413329,0.059323677367289177,0.2000002352880712,0.11364153324175112,0.37423627296746037,0.4690040441876978,0.15675968284484199,0.0909409397157458,0.0,0.0
0,0.06684870574612921,0.024741423728867215,0.06391894899653604,0.053004988584569424,0.2000310198457235,0.08087615603895934,0.36543331086322506,0.46215638255352354,0.1724103065832514,0.0709819126959094,0.0,0.0
0,0.054650012920295116,0.023492882427593547,0.06610335893171519,0.055574771299387635,0.2000002950809179,0.09731974024050853,0.37000042291705276,0.4853777661263517,0.14462181095659563,0.07345066502139529,0.0,0.0
0,0.058146904603311816,0.028074903994294294,0.06535447975274064,0.0692879924743941,0.2000005611554967,0.12401232904688446,0.38869593635344524,0.4790801034527038,0.13222396019385088,0.10001669062918336,0.0,0.0
0,0.06483715923987797,0.02676274782920711,0.05864612040976326,0.04908062800996753,0.2000000000003659,0.08701415598848936,0.3710206898411047,0.4501263357866118,0.1788529743722834,0.07233207606196118,0.0,0.0
0,0.054254186351012645,0.0234487169305883,0.06382775906966827,0.050960277430718876,0.20000020297130308,0.09206449167658692,0.33059654611827466,0.49077734129089334,0.17862611259083205,0.06930074361164007,0.0,0.0
0,0.053302454899600595,0.02680091474142958,0.05986858920744266,0.07987457101300244,0.2000023272194558,0.14514736345530377,0.3351068110579438,0.5283916622037081,0.13650152673834798,0.1393403373066353,0.0,0.0
0,0.06547963467673935,0.02679851810094663,0.07271325490453061,0.055364403346068895,0.20000023657528343,0.11216084870094527,0.3802054690506175,0.4378785904920779,0.18191594045730455,0.06345321578447369,0.0,0.0
0,0.05916711808267198,0.027575898525129813,0.060085569751072244,0.0649034789895835,0.20000000025308556,0.13335359761398669,0.34515846903485375,0.4709194747743789,0.18392205619076726,0.1068163016863361,0.0,0.0
0,0.0644639713139254,0.03381063073528246,1.8879476746469233e-07,0.1311365541784253,0.23108126718961533,0.011815223441996809,0.3588913586746185,0.6411086349811451,6.344236448173139e-09,0.3268770962320837,0.0,0.0
0,0.05867648753610654,0.03438329671882603,0.03612803215700052,0.08693741799069364,0.20000451285604817,0.12247876637182863,0.353229966828292,0.5225063988539099,0.12426363431779801,0.1908418898695274,0.0,0.0
0,0.07144499621197717,0.02920990896190199,0.06364444362153115,0.0656440935234651,0.20000046679252526,0.08445831432933634,0.3943848698543991,0.49782043556693834,0.10779469457866257,0.09491444376076627,0.0,0.0
0,0.06224765888332297,0.024075112378946554,0.06394997928711782,0.05149105328441443,0.2000002252331725,0.08557272946388896,0.3817789269824587,0.46755446589583205,0.15066660712170926,0.06479365218020997,0.0,0.0
0,0.05972887381744092,0.030810709758020253,0.05169022649192047,0.07611707538280015,0.20000010611057784,0.11487685667531596,0.35391586356567784,0.5234933628136247,0.12259077362069747,0.142818632389978,0.0,0.0
0,0.05749018398119802,0.032913622450357706,2.8439835799400924e-05,0.10521169353326151,0.20032847205444188,0.12397435230172633,0.38499561071177163,0.558036674207317,0.05696771508091141,0.28910329931339085,0.0,0.0
0,0.058181599329854596,0.026983172469491383,0.0629736580111437,0.05422425217473533,0.20000000000000012,0.07419094146787457,0.4293112304904864,0.44596218249119624,0.12472658701831742,0.0736542182240956,0.0,0.0
0,0.059995441903312324,0.029069065426508445,0.03931035230229093,0.09362310195695646,0.3364955167241441,0.16346608905731008,0.5057630895237442,0.4941815792338126,5.533124244308382e-05,0.174010318600652,0.0,0.0
0,0.05061589401881758,0.0266342882217134,0.022846685963310298,0.09695847353295015,0.3151519813908292,0.1634083688623213,0.5436563975617145,0.45634354275176,5.968652556217599e-08,0.19378586314801347,0.0,0.0
0,0.05755746022881574,0.028159932735731454,0.05235133686108654,0.06946765126980702,0.32170666002984044,0.19233423193026677,0.5759483556832962,0.4240514531471875,1.9116951628555826e-07,0.11325726875048686,0.0,0.0
0,0.05325969085693769,0.03108293332855324,5.737178850431801e-07,0.1081852983650544,0.2480225328369257,0.06040209163690636,0.445422043856571,0.5545779561434279,9.840582104842133e-16,0.28448315270038466,0.0,0.0
0,0.0487490236376025,0.026283330827791742,3.671914477194583e-07,0.11134030531322817,0.3126742725719343,0.1546618335108393,0.4513682173543138,0.5486317790324531,3.6132332560461474e-09,0.28256009443744734,0.0,0.0
0,0.06197393791560934,0.03444454596199832,3.7510225488193694e-07,0.12174232429146466,0.2286205192634671,0.01230760463217441,0.4159125698632149,0.5840874300642019,7.258308754062436e-11,0.2982881823213577,0.0,0.0
