,mu1,lam1,mu2,sigma2,mu3,sigma3,w1,w2,w3,score,Target,Stimulation
0,0.03377636149787235,0.023646162185659795,0.04964167248806031,0.04067594661333156,0.36351171065424925,0.3404891108350187,0.7048159295795834,0.2951840627410041,7.679412532097928e-09,0.06282696807567623,0.0,1.0
0,0.03314592417221517,0.022863705957539393,0.049325900007566925,0.03534744516254293,0.3640338223155778,0.33737131444170576,0.7042815542786461,0.29571843933965164,6.3817021759641595e-09,0.05128997158961046,0.0,1.0
0,0.0373725135472211,0.02397800716922302,0.05036940133820265,0.0300295763872948,0.35681131825435614,0.31860217888076064,0.7353467037986479,0.26465328969133883,6.5100132873074795e-09,0.038763041145734645,0.0,1.0
0,0.03219304592172603,0.022934035326921294,0.04842925192827464,0.040955038286413586,0.36148777206656413,0.33103777377301286,0.704501461888848,0.29549853111529595,6.995855988103067e-09,0.06179855622754826,0.0,1.0
0,0.03171933546338317,0.022773038746419068,0.049731007260231025,0.040533872015720784,0.3669755039836862,0.34388071069608106,0.6750936953399409,0.324906279610697,2.504936202555474e-08,0.0616966765745493,0.0,1.0
0,0.03979692834632663,0.023146128024166285,0.05501987905931064,0.045452510759766286,0.35172263747006227,0.30519789197098324,0.6629073013588636,0.33709269125117397,7.389962505720103e-09,0.06610678131039205,0.0,1.0
0,0.040825157422866916,0.025386297494916273,0.039470555668806924,0.06475810034772865,0.3484523258114651,0.2950188328646347,0.5904936786603872,0.4095063149858198,6.353792976999544e-09,0.12703879196311887,0.0,1.0
0,0.04124265110294644,0.026179309243100513,0.04820317277676331,0.057021805584735116,0.35045660704783715,0.2847248289906249,0.6799971433119237,0.32000282830059273,2.8387483542459014e-08,0.08554659121723202,0.0,1.0
0,0.04579613121543022,0.026057838916972883,0.05175584851658504,0.050849877265658906,0.34000304682658083,0.27151925033574065,0.6149011452243482,0.3850988497174151,5.058236650950119e-09,0.07948687576633523,0.0,1.0
0,0.04158864642645015,0.02377123173008497,0.05463273268367718,0.0438867290652262,0.34629470837779874,0.29394829261468125,0.6594009870488158,0.3405990075062181,5.4449659636175055e-09,0.06112592831934055,0.0,1.0
0,0.04516774715676034,0.02711377240275558,0.03032803555583821,0.07680460751916839,0.3382472726785659,0.25981752375560785,0.5478762621179477,0.4521237267322324,1.1149819796199267e-08,0.16733765591812444,0.0,1.0
0,0.04773637565885189,0.02493644580055816,0.061538661639517205,0.047214239659072475,0.3384740938645059,0.26584391582457245,0.6319761368340009,0.36802385556393935,7.602059795175618e-09,0.05645340865178017,0.0,1.0
0,0.04865339739768451,0.02611359730006875,0.037431005483765156,0.074669823844946,0.3266854691753427,0.22108840350392991,0.5552528936161445,0.44474708690381065,1.948004478921188e-08,0.14947493153265043,0.0,1.0
0,0.049080056332471506,0.02619005330488523,0.035784029410065796,0.0781351899329427,0.32920439487166075,0.21057040909636712,0.544546675148523,0.45545327644925215,4.8402224866568655e-08,0.16291314255081393,0.0,1.0
0,0.05387298875220417,0.02836427107315456,0.04087886109321594,0.08795579451044452,0.3175668673918835,0.1387572065320293,0.5288216364165133,0.4711779981328218,3.6545066491713986e-07,0.15893326265103172,0.0,1.0
0,0.0523499533752842,0.02945085578598016,0.029560079303098497,0.0846462610823865,0.32206460501540357,0.19028599862367437,0.5803689241118063,0.4196310298947894,4.5993404492909664e-08,0.16362042741899474,0.0,1.0
0,0.05244704803555847,0.028142371537312166,0.045457836050055316,0.0681791491433722,0.3244087779674969,0.23198928220373558,0.5706300044180042,0.4293699875625242,8.01947166830279e-09,0.12068611393511003,0.0,1.0
0,0.05019700133615788,0.0291779394553276,0.0359253061535469,0.08064692914800421,0.3274481361684577,0.2272566500533242,0.5700976669730111,0.4299023119963249,2.1030663985667028e-08,0.15206045634344595,0.0,1.0
0,0.05344629891153999,0.029865010169344612,0.03678135574231201,0.07232217477571501,0.32642039915019083,0.20552844854788316,0.5655310023048781,0.4344689625670582,3.51280637261232e-08,0.14290181914094097,0.0,1.0
0,0.048631942239435524,0.02611119075124849,0.04307736051771438,0.07581405170616588,0.3225877748020674,0.1939888637599708,0.5554583947769014,0.44454157934684835,2.5876250177317186e-08,0.1415252471886948,0.0,1.0
0,0.04653268284802138,0.024227325838719883,0.04888241642571733,0.06308536395405963,0.33655514540212567,0.25427033775979163,0.5572634446051109,0.44273654837407483,7.020814258314684e-09,0.1209431086901191,0.0,1.0
0,0.051575683112413534,0.02402660369965868,0.047408371998766505,0.06052189351515061,0.32939554721324893,0.24004817319991487,0.5583275931715923,0.4416723892590085,1.756939928711559e-08,0.1135915959778449,0.0,1.0
0,0.04611518711667444,0.026776750742172197,0.03707949289069666,0.07349282942131685,0.32890824503482996,0.23141057581501942,0.5369720001574153,0.463027992070529,7.772055740659942e-09,0.16199936515604724,0.0,1.0
0,0.05152946257940989,0.02830279642622134,0.047010780193552044,0.06085753973641598,0.3324749451944995,0.230676284015287,0.5667920853723678,0.4332078925921948,2.2035437464532028e-08,0.11219266997807992,0.0,1.0
0,0.04588186192406317,0.026000557196437433,0.05784373059877475,0.04734255881251826,0.3438580972067418,0.27993278049312786,0.6593180068471338,0.3406819885010143,4.651851790414051e-09,0.06185639255872161,0.0,1.0
0,0.042691299884250376,0.02538573194069922,0.05142993654666344,0.05849567511763823,0.34427858677120937,0.2779305370467413,0.6223157367408801,0.3776842517204601,1.1538659858094262e-08,0.09117057465700917,0.0,1.0
0,0.04265833863810141,0.025106095261170806,0.047060462890370025,0.05828527342273189,0.3429766722783421,0.2698543778711616,0.6040560679071644,0.39594392219057906,9.902256614461801e-09,0.0986072221733536,0.0,1.0
0,0.04529425057265659,0.02625961633104518,0.049449948186014725,0.05590675374372764,0.34418863935798655,0.2727357961450398,0.5811362556334555,0.4188637334933802,1.0873164316030337e-08,0.09928194521607017,0.0,1.0
0,0.04793563270863119,0.02704943047545615,0.04284019828822888,0.067772465860518,0.3373335906982692,0.23107082904358772,0.5449181173970608,0.4550818750716814,7.531257806598495e-09,0.1347374214575996,0.0,1.0
0,0.045564727178531154,0.024765611805308722,0.05500619289707606,0.048917065945155394,0.3401293940270209,0.26194100124927483,0.6674283385260946,0.332571655120464,6.353441430162688e-09,0.06407327842895605,0.0,1.0
0,0.04762575000690988,0.025387621913453437,0.05236201836542562,0.06139464391328772,0.33170491836769955,0.23178270981788018,0.6288996169482379,0.3711003665385407,1.6513221283714574e-08,0.0888553320287796,0.0,1.0
0,0.038075429388842556,0.024867534001703086,0.055067017183375394,0.034395645474060876,0.35885875481982293,0.32266094925379074,0.6896587358540677,0.3103412509334136,1.3212518673970424e-08,0.03910855950908815,0.0,1.0
0,0.04624293565287149,0.02603519685810245,0.04208582902225226,0.06189707178870313,0.33956308075285946,0.24839669589180716,0.5990533207528246,0.4009466607000093,1.854716613305824e-08,0.11857240181360518,0.0,1.0
0,0.04839556010233228,0.025278472560567308,0.05143267346098447,0.056337146620523346,0.3353446117875923,0.22469449204235117,0.6363971426459369,0.36360280891239755,4.8441665532740214e-08,0.08736706802227781,0.0,1.0
0,0.043735322478445054,0.023798728331204794,0.05083429921935622,0.05387075821263143,0.3406090615017662,0.2634008670515016,0.581391606763924,0.41860838496068115,8.275394874571103e-09,0.09298996871815679,0.0,1.0
0,0.04913535276850994,0.026425047225480492,0.05366432437311665,0.05730441581957443,0.3351294609002188,0.25706718780724225,0.5634291753773022,0.4365708084718166,1.615088113626793e-08,0.0976549456076779,0.0,1.0
0,0.04670182895423991,0.02716214846199594,0.03842280924237438,0.07109494439086728,0.33162258471262707,0.2330239634031304,0.53478302051032,0.4652169655813124,1.3908367708697807e-08,0.14956192023906584,0.0,1.0
0,0.050685096709116764,0.02745805750138818,0.051389153958748816,0.06389660381712832,0.34074267442983897,0.25375761179583584,0.5971563379879513,0.40284357186519154,9.014685731144937e-08,0.10461980805758789,0.0,1.0
0,0.047139741429311474,0.027088610866993143,0.04773654982832084,0.06569331789119481,0.33160818671574577,0.21269396574422156,0.5792125183644288,0.42078746296818315,1.866738816562556e-08,0.11855935796761657,0.0,1.0
0,0.04533613881580677,0.027697471528714646,0.030721946392329474,0.08465446517203808,0.3382075665900504,0.2618739143462102,0.4944599080730044,0.5055400475558915,4.437110396654949e-08,0.19001546724563484,0.0,1.0
0,0.0520073179039576,0.026155548301181074,0.04018547815613648,0.06996120244339295,0.32273692665649584,0.21149576994919692,0.4844727891908561,0.5155271957052618,1.510388202786236e-08,0.15614011622656973,0.0,1.0
0,0.05537462442959386,0.029172794988824528,0.02701102294895343,0.07956953920890286,0.3186691703675226,0.17161061195358718,0.535825023690417,0.46417491490123897,6.140834406535759e-08,0.1786743116250216,0.0,1.0
0,0.05072680358088275,0.02563133132381866,0.029895954717341702,0.07832624342284553,0.32126970168702573,0.1969094868110304,0.5472063783342738,0.4527935957004105,2.596531574592874e-08,0.17224577882949982,0.0,1.0
0,0.0531051811907907,0.025938408797658484,0.014909670877540982,0.08740056493023046,0.31203697349860127,0.15931262409866348,0.47622800299433415,0.5237719427567283,5.424893756901793e-08,0.23601490405023445,0.0,1.0
0,0.05240687096028296,0.026096582010421573,0.04712987986630464,0.06956490031107321,0.3220220347794617,0.19356203764322646,0.5601577276634718,0.43984222385871885,4.847780925035179e-08,0.12622465808962985,0.0,1.0
0,0.04949565726124696,0.02804737839216368,0.05646900812230146,0.06234668541280042,0.3393037904268313,0.25766953916068785,0.5910843311201128,0.4089156056097074,6.327017988328071e-08,0.09611510695018904,0.0,1.0
0,0.05280021724935855,0.026410195817101616,0.023470757440797345,0.08355572183732381,0.32038890339251186,0.1670113867983725,0.5018535267285739,0.49814608449324216,3.8877818416534575e-07,0.20332598414578232,0.0,1.0
0,0.05542187876559549,0.026889991781992785,0.05010565536632074,0.06391570643286107,0.32262311574813796,0.19886349836691053,0.5310139847956269,0.4689859579576563,5.72467168003761e-08,0.11651918951928952,0.0,1.0
0,0.048970763811456756,0.025409297652413298,0.041210634538552976,0.07103684958239989,0.3216508331069135,0.20177947501089077,0.5935491051903787,0.4064508845784521,1.0231169150982711e-08,0.1297532475410871,0.0,1.0
0,0.053741973473216756,0.02778143474842752,0.051377310787243904,0.058477040492908,0.33394429761690847,0.2364553953275057,0.5762384066869733,0.4237615290773137,6.423571295447882e-08,0.10396399482382926,0.0,1.0
0,0.04536838664641612,0.024642597962185455,0.05365334509070893,0.043703730351895426,0.35266690343152707,0.29457504687534714,0.6522181137811539,0.34778184749645474,3.8722391382091695e-08,0.06365357546626399,0.0,1.0
0,0.04507189818130032,0.025295911269117878,0.053774879580689876,0.0517046955949411,0.3438262669532018,0.2832008184873801,0.6085276674367597,0.39147232686701133,5.696228938987619e-09,0.07967794573749853,0.0,1.0
0,0.0334965155861962,0.02286854328578655,0.04831165855875511,0.036662533274023565,0.3628079910412901,0.3303039600720683,0.6841343923712409,0.31586559500212713,1.2626631969951964e-08,0.055442632774288514,0.0,1.0
0,0.038119217374462916,0.023936929485774684,0.050379763272296964,0.05302468297676781,0.3522150188384132,0.3119980268955776,0.6497464677549423,0.3502535254015898,6.843467871059801e-09,0.08815473610276708,0.0,1.0
0,0.035229327052804425,0.023905123037818745,0.04997614892671962,0.034635242486978385,0.3642193704568814,0.3415165473597465,0.7121007458756831,0.287899244612718,9.511598981258435e-09,0.048678125406910355,0.0,1.0
0,0.03730736346679339,0.02394849958205636,0.052530062405990854,0.034502583782671584,0.37668453295213256,0.3461671801020763,0.7390177270202101,0.2609738549282664,8.418051523580354e-06,0.04430130857602044,0.0,1.0
0,0.037904674818507955,0.024317425378206216,0.053051909902947926,0.033640233397503036,0.36048983484662184,0.32383815317136105,0.718340068434129,0.28165990934395513,2.222191596560814e-08,0.04267868657684487,0.0,1.0
0,0.04569205529490644,0.02602706985747746,0.051505838229833435,0.05095776083282157,0.3455734769330311,0.27926252136016416,0.6308100959459005,0.3691898813787411,2.2675358415659185e-08,0.08268540868249413,0.0,1.0
