,mu1,lam1,mu2,sigma2,mu3,sigma3,w1,w2,w3,Target,Stimulation
0,0.02982400196620102,0.02344158667003769,0.04575836384902147,0.026796966600773884,0.3237942468697873,0.3818978959726801,0.7881144558443689,0.21188553729181878,6.8638123477722455e-09,0.0,0.0
0,0.028452931913180383,0.022632082212514684,0.04559538796196179,0.027919039361205458,0.3396322013492375,0.38275209957870243,0.7685962309963755,0.23140373815017046,3.0853454059829766e-08,0.0,0.0
0,0.028697217004652876,0.023823748319084577,0.04582527019916747,0.030432219460496943,0.33585788477586953,0.378184629527644,0.7840698958313935,0.21593009403220623,1.0136400292153748e-08,0.0,0.0
0,0.030750291743830684,0.02324132653158182,0.04411485518916624,0.02305708852119566,0.3255715750013939,0.37423548161373205,0.8156733987528116,0.18432658305162805,1.8195560234005175e-08,0.0,0.0
0,0.030041046003002517,0.0225328016802338,0.04501127364416944,0.02135586544692032,0.323177890234172,0.38885575619278734,0.8156556024036693,0.1843443927097221,4.886608518406856e-09,0.0,0.0
0,0.04024669595347893,0.025744168925350544,0.05457426350561432,0.047357451382389955,0.3394194118631846,0.3125867114613179,0.6946372968666773,0.3053626956946371,7.4386854729585595e-09,0.0,0.0
0,0.05475871621423973,0.026831234566796664,0.05025119161016506,0.06533462510904044,0.31070291291665286,0.18807531355611776,0.5707498300415473,0.4292501312633269,3.8695125696358736e-08,0.0,0.0
0,0.03903110382896588,0.025943699237002342,0.05602404544291173,0.04061247096364334,0.3377946918648491,0.3203320176733858,0.7167845720602453,0.2832154227040939,5.235660944394536e-09,0.0,0.0
0,0.05331076225192374,0.024807297895790885,0.05945910526914913,0.05363242210810452,0.31928076746398104,0.2480229805360692,0.607871733777637,0.39212821005357595,5.61687871515227e-08,0.0,0.0
0,0.03939991402493983,0.025317098800879612,0.054214732251297894,0.04918775773072437,0.3414449999096515,0.30937012973856526,0.6808348409096301,0.3191651366885802,2.2401789650100216e-08,0.0,0.0
0,0.059844998986978384,0.028519387578943213,0.0012133906637589718,0.11248597287718583,0.3225266967513687,0.1603388062111675,0.48512031779403825,0.5148503561572226,2.9326048739114056e-05,0.0,0.0
0,0.05937109033428926,0.027256792788582684,0.06841024741817596,0.04865468589168744,0.20000007376516526,0.08329833823536081,0.46055354389834957,0.4070915971217682,0.1323548589798823,0.0,0.0
0,0.07113780671448018,0.024428394630475334,0.07026098323053967,0.057740959139323866,0.20000028147287163,0.07881614853981635,0.38322438188840463,0.4655018494692323,0.15127376864236297,0.0,0.0
0,0.058394238804639405,0.027799289430799085,0.0620387294025472,0.07530476632856165,0.20000138020130442,0.12202263038410625,0.4018676162796213,0.5107084786942986,0.08742390502608005,0.0,0.0
0,0.06320858217504041,0.02758462035693432,0.05659230246995639,0.05517835392432761,0.20000006892484457,0.08447684049749318,0.39359431250747123,0.47485310759500315,0.13155257989752558,0.0,0.0
0,0.054602710113153353,0.025760877006406294,0.05841807063413821,0.05530170916455977,0.20001080814051464,0.0834370028033286,0.43409067644046706,0.46427831020794635,0.10163101335158661,0.0,0.0
0,0.05162232011043275,0.023378600296184993,0.053413205882137736,0.06019940568917359,0.2000118102768407,0.09953056310405711,0.3456003952740569,0.5430602649430919,0.1113393397828513,0.0,0.0
0,0.06574780786155404,0.03058193498196172,0.0695471173463245,0.04838950188491101,0.20000008369146885,0.06384203735077414,0.5009677727287015,0.3909341692724104,0.10809805799888807,0.0,0.0
0,0.051267779320027046,0.02826395579106561,0.0300790175668462,0.07585694969946992,0.32376705452200344,0.2017418004658139,0.5880995661538021,0.41190039889872654,3.4947471475546256e-08,0.0,0.0
0,0.05145989038119686,0.029050669320747347,0.014808127579482747,0.09530296747482186,0.31980510425605885,0.16280837680092008,0.5345288380124188,0.4654700920861704,1.0699014107471192e-06,0.0,0.0
0,0.04771837372201214,0.02670891101896354,0.03744870439807532,0.07701054157525852,0.316564153502782,0.22078673364417062,0.5555074532961605,0.44449252210282064,2.4601018772007698e-08,0.0,0.0
0,0.04592070559754897,0.02751988087161966,0.049448923034816634,0.0645448189732371,0.35838680353113495,0.1670750350445799,0.6255239574348639,0.37447602205159164,2.0513544626293264e-08,0.0,0.0
0,0.0346527889424484,0.023442600417447595,0.04830200911014852,0.030601177851313,0.33722853976798733,0.35186757800033497,0.7555699610041124,0.2444300309017447,8.094142945163463e-09,0.0,0.0
0,0.03380465880663242,0.024110041866451236,0.04755661405322902,0.036410338914891406,0.35277851557068074,0.3320391604410701,0.7643459332865296,0.23565405923348157,7.479988919604994e-09,0.0,0.0
0,0.033495517380887206,0.023333836708551232,0.05092508332556598,0.03076840280337298,0.33414439076406444,0.38070284598663706,0.7624962794164611,0.23750360825406183,1.1232947700833317e-07,0.0,0.0
0,0.03430627949266508,0.023586000852462048,0.048560734750918426,0.03127617389263441,0.3415851910138977,0.34866981151247983,0.7488722519570182,0.25112771594856204,3.2094419744920724e-08,0.0,0.0
0,0.035251046508504046,0.025214071694219367,0.04847977831394841,0.031222760169962435,0.34658432113409987,0.348138281270097,0.7638155994769862,0.23618439267707297,7.845940842586046e-09,0.0,0.0
0,0.034472604190214515,0.024382641004607575,0.04972026902727885,0.031521370004080465,0.3393383638962175,0.3577951982233685,0.7685963764758453,0.231403617163329,6.360825758085114e-09,0.0,0.0
0,0.03454262853019518,0.023967128280345383,0.05079601637286034,0.02985069194058848,0.3359208201642866,0.3659691765917683,0.7849583033613609,0.21504168351659803,1.312204108179166e-08,0.0,0.0
0,0.04444732820635401,0.027940959187876167,0.04579635236487491,0.060888200819997004,0.33603328299373236,0.2521652698170167,0.6398860874877733,0.3601139061517983,6.3604283222673e-09,0.0,0.0
0,0.033912671853099194,0.02369102804920457,0.047997721964504816,0.03229897625666555,0.34705808796243953,0.3477974463279288,0.7435417138904733,0.2564582790942286,7.015298097462112e-09,0.0,0.0
0,0.0339086342530721,0.02294291279718656,0.04755757036837065,0.029792694115788082,0.33725874651661153,0.36053887486275915,0.7262872804874204,0.27371271264924096,6.8633386214732385e-09,0.0,0.0
0,0.03423227390170064,0.024361700911285696,0.049317070117907126,0.028750905662162467,0.3381867348297316,0.35262891815928293,0.778923099723362,0.22107689221441545,8.06222239381663e-09,0.0,0.0
0,0.048600231592176066,0.02638931529782362,0.046601347789027955,0.06190624038544874,0.3412005790838559,0.1698236263777355,0.6007862737957622,0.39921368193037665,4.427386100294939e-08,0.0,0.0
0,0.05322207766328152,0.02963753583114631,0.05547331288406652,0.0626128120389669,0.3414202715722987,0.2347016860811944,0.6320962079891652,0.3679033770673205,4.149435142372819e-07,0.0,0.0
0,0.051469765789466174,0.02571436137035691,0.047513960270949195,0.05707032211988673,0.3215533722899627,0.15960404822009921,0.5640813677357845,0.43591860609876065,2.616545489523526e-08,0.0,0.0
0,0.05188330705061442,0.02964974674194416,0.03977896265542064,0.07199043792600968,0.31830939874251835,0.17151149650843803,0.5788718327731098,0.42112814074919164,2.6477698404106072e-08,0.0,0.0
0,0.05727962440330661,0.02797384407206816,0.0642479804568823,0.0605109810711236,0.20018489859834165,0.0989539360070465,0.3832566500265774,0.4719088036742876,0.1448345462991351,0.0,0.0
0,0.060759388655507465,0.02972563284613628,2.781199497004753e-07,0.12908848980195675,0.25306880486702493,0.02074240951090956,0.4497542112833291,0.5502457815078664,7.208804446076568e-09,0.0,0.0
0,0.052235985386957604,0.03516071478430942,6.214733274516595e-05,0.09514429110634623,0.20024198283277989,0.1092882288950884,0.3739422172521517,0.5465061418839222,0.07955164086392591,0.0,0.0
0,0.06681908798654575,0.02816423774966935,0.059786560531635446,0.05465490302630896,0.20000009060336077,0.06931437615740409,0.42710238141794177,0.44262771866675066,0.13026989991530746,0.0,0.0
0,0.06235302808859987,0.03176936174702586,5.2270903170214204e-06,0.09200303545948235,0.2000365810431331,0.09571549204239028,0.3828417716363768,0.5135700135699531,0.10358821479367007,0.0,0.0
0,0.05401532797545655,0.028445257566517064,0.0442401854720163,0.07071846595079374,0.31393355178269633,0.17681537380189058,0.5247124901668411,0.4752873928960652,1.1693709373928364e-07,0.0,0.0
0,0.06604379130826228,0.027107355965036516,0.06405702201198694,0.052564905950064925,0.20000012728857308,0.08051705830499739,0.4657561021588362,0.415284213508262,0.11895968433290181,0.0,0.0
0,0.05994154049131881,0.03334991260743162,0.00023577230711521174,0.12318527679986464,0.3154057690255218,0.12905919168530408,0.4863173548960723,0.5136773597570597,5.285346867906463e-06,0.0,0.0
0,0.05816339494897984,0.031565254885495116,1.0625719660896374e-05,0.12082478567202382,0.318152196869098,0.11555934210113825,0.48027184894930436,0.5197216626821479,6.488368547600505e-06,0.0,0.0
0,0.0645659428349994,0.03083882720354091,0.001517699851181435,0.11304377085953275,0.33045390029865784,0.18755274740476768,0.4537526717106559,0.5462038050345263,4.352325481776543e-05,0.0,0.0
0,0.045104383053008325,0.028239351660152255,0.024052586743339394,0.08478141482955343,0.3296739055107454,0.24649224265516106,0.5850644946570269,0.41493548589064366,1.9452329464471122e-08,0.0,0.0
0,0.04986184087901375,0.02365603198636687,0.05217174687210966,0.06213437235242393,0.3203894028542076,0.2434842739222551,0.6369284322972992,0.3630713431840224,2.245186784066344e-07,0.0,0.0
0,0.031216651890425634,0.02384514768762471,0.04850149700044105,0.03170154134360852,0.3252991407552325,0.3839759375564374,0.7809031658417372,0.21909682676203784,7.396225019297968e-09,0.0,0.0
0,0.045561134015975856,0.026665547034825043,0.05294040613250462,0.05009061512877182,0.359869316480549,0.22388801366960764,0.658362878444249,0.34163706504923824,5.650651261699062e-08,0.0,0.0
0,0.030676293558889022,0.022758161385813838,0.04440568458006388,0.023872108603677736,0.3320387038103395,0.3792400657223108,0.8157723535618413,0.18422763882757268,7.610586127926089e-09,0.0,0.0
0,0.028488550695113128,0.02262908321628392,0.04527990902649727,0.030056355120945323,0.3342935101193467,0.37779620730604774,0.7811087720557465,0.21889121138357107,1.656068260579439e-08,0.0,0.0
0,0.02974930929161983,0.02324103804173163,0.04633897739632786,0.027187150787480477,0.32931026328324625,0.38626677053374997,0.8010711246985848,0.19892887061939307,4.6820222351094096e-09,0.0,0.0
0,0.04889329411536906,0.02898124682119433,0.044332704674737024,0.0741027698333593,0.3250144506628263,0.19986698223620467,0.6137285980296862,0.3862713850880792,1.6882234813469485e-08,0.0,0.0
