,mu1,lam1,mu2,sigma2,mu3,sigma3,w1,w2,w3,Target,Stimulation
0,0.021904070075730094,0.02178331065554184,0.04049906046053166,0.01883754874691334,0.30458217834795953,0.403602505559216,0.8685092155259403,0.13149077166692497,1.2807134750155072e-08,0.0,1.0
0,0.02228602718002984,0.021595418049020206,0.03774639976996468,0.016121837473546372,0.3028105163192291,0.4447493114502637,0.883909704673503,0.1160902560685741,3.9257922768883155e-08,0.0,1.0
0,0.021990280176489956,0.02147670945832408,0.03936495126928471,0.017301112209080455,0.2971985047912501,0.451701471374592,0.8771145020962149,0.12288545315852632,4.4745258682320334e-08,0.0,1.0
0,0.02242131638316711,0.021830553952760737,0.03881232359298855,0.016959784403293834,0.31111302222154513,0.43036107640000265,0.8865384835669221,0.11346150303199924,1.340107874715017e-08,0.0,1.0
0,0.02178600163484479,0.021756832756883317,0.04049778743619041,0.019513700530308393,0.3100639221959705,0.4330203049097951,0.8740011135217838,0.1259988394210904,4.705712578012125e-08,0.0,1.0
0,0.02851743836956091,0.022830675633376,0.04721334879193415,0.027976800095832238,0.32937604325923725,0.3819490122350405,0.7945945224853017,0.20540547175826296,5.7564352851615265e-09,0.0,1.0
0,0.033894768330590186,0.02360637183417302,0.05065203656657077,0.03699475114029542,0.33948056150436046,0.33904246394523196,0.7063799653846544,0.2936200295882914,5.027054017007251e-09,0.0,1.0
0,0.026350332185345507,0.022144245744128394,0.04249645291723418,0.021610264369946553,0.3152692097372666,0.3968647137671988,0.8123013957646491,0.18769859301837385,1.1216977090555132e-08,0.0,1.0
0,0.0350291145827919,0.023352088574722086,0.049199104690825814,0.02755993911979357,0.3330026163666923,0.36204824166706817,0.7770222422143939,0.22297774953364996,8.251956168983716e-09,0.0,1.0
0,0.02890669030499595,0.023513150508699367,0.04768386411084266,0.027305273032335382,0.3318964988874328,0.39070428231444804,0.8084259774067005,0.1915740038289263,1.8764373229599515e-08,0.0,1.0
0,0.04926525793789162,0.02624156966594615,0.043764763371284834,0.06810539547513611,0.3224142915342059,0.24653500006214454,0.6018661372104631,0.3981338354314628,2.735807410171155e-08,0.0,1.0
0,0.047242121772607025,0.02573119420465687,0.04921386514519751,0.06354951197895778,0.3306283694220332,0.23918785025755002,0.5964154935870467,0.4035844592671427,4.714581050176956e-08,0.0,1.0
0,0.05296877334998001,0.026761572412653558,0.04179335723762879,0.07611452701952642,0.3123974979084242,0.18812455767882344,0.5523438774859654,0.44765609504372444,2.7470310137523664e-08,0.0,1.0
0,0.05453764045562789,0.0312570192433978,0.03274652552554831,0.08783460155325601,0.30943083216732414,0.16905768031159263,0.5481337966378574,0.45186613378814594,6.957399658031136e-08,0.0,1.0
0,0.05838114821384645,0.0266235346247699,0.021174299308173317,0.09716191762047663,0.31140466972128833,0.2983648069075542,0.4563336201304564,0.543666357469487,2.240005664322615e-08,0.0,1.0
0,0.05801882271141969,0.02464226920813615,0.05168311034378639,0.06663376057759683,0.3116712631676607,0.1744571594215288,0.5271358342580322,0.47286340216911604,7.635728518217068e-07,0.0,1.0
0,0.05155472756947227,0.02768417175807743,0.03565690632076394,0.07885999383826384,0.3157224014939005,0.20856344718542283,0.5122727569169917,0.48772721704690075,2.6036107465794303e-08,0.0,1.0
0,0.04943241997392095,0.02691599370068187,0.03598987136925907,0.08285955901448704,0.3217033782766219,0.19502271249655165,0.5496147080594551,0.4503852487183063,4.322223845536347e-08,0.0,1.0
0,0.052692076393213265,0.026308750890034156,0.049518349416258586,0.06799331389966128,0.31573274326211503,0.1935089831163834,0.558930218018631,0.4410697434430503,3.853831881715444e-08,0.0,1.0
0,0.0502688953335799,0.02530612028195436,0.053216540102582505,0.06635949295771212,0.32222980188761824,0.19318662556345625,0.5816776681896249,0.41832224988334604,8.192702918308357e-08,0.0,1.0
0,0.030470152373504044,0.02301973389879005,0.04748434969616477,0.029416208384267888,0.32418456554157643,0.38651442426170624,0.7820216688209906,0.21797832445565063,6.723358776885582e-09,0.0,1.0
0,0.0304804329085916,0.0229882990951393,0.04867083404145337,0.031484047109575725,0.3266211449042341,0.3585386152767738,0.7477483253451275,0.25225166004393573,1.4610936799904254e-08,0.0,1.0
0,0.030995301534010228,0.022753257779442607,0.046268510619372774,0.024818063766258107,0.32489967853158347,0.392112632365661,0.7960426091361898,0.20395738783012662,3.0336835513570218e-09,0.0,1.0
0,0.032038039244355554,0.025020121798093507,0.049278635839578144,0.031153564263190464,0.3331226304533772,0.37524964469968874,0.7785451896920064,0.221454804264345,6.0436484940345875e-09,0.0,1.0
0,0.023224031514105962,0.020873041944958686,0.03699444422230739,0.01631902713909911,0.3049216039046079,0.4358577975087383,0.8634277086031921,0.13657228435893778,7.0378701730941505e-09,0.0,1.0
0,0.02302498059404135,0.021761994092203998,0.0398690880416687,0.018413862960772312,0.29883732290562104,0.4452276561138162,0.8671764719668579,0.1328235147829741,1.325016804771609e-08,0.0,1.0
0,0.023130325538255798,0.021414480776647916,0.038606913623302326,0.01720581699463388,0.3058167966890491,0.4309782854315192,0.8659883871277834,0.13401160472457044,8.14764609626529e-09,0.0,1.0
0,0.023496163073554975,0.021203684694551757,0.03867970999853841,0.016824347335612673,0.29958853154831067,0.44688570925427845,0.8585581889177624,0.14144179861295536,1.2469282222842213e-08,0.0,1.0
0,0.023611467431033487,0.020961449353907164,0.037164798385382246,0.014419821831558953,0.3015787826133226,0.44130595170831755,0.8636899271275923,0.1363100634168425,9.455565244118327e-09,0.0,1.0
0,0.022898665199203205,0.02116345480593593,0.04116891790778708,0.018688512868815472,0.30093862070027405,0.4357159115447331,0.8571816669382489,0.14281832761830698,5.443443885833365e-09,0.0,1.0
0,0.023114906068221586,0.02110255775056395,0.03911047807896852,0.01799020493086545,0.30100543905229915,0.44735605669935935,0.8474521568257913,0.15254781610821372,2.7065994850646188e-08,0.0,1.0
0,0.03070107142052946,0.022751512861723003,0.04650951796747846,0.02356992824586188,0.3282471622437311,0.3837063691306756,0.8083700300933172,0.1916299523701447,1.7536538061682655e-08,0.0,1.0
0,0.022324223874419777,0.02165960958539194,0.03952387254762209,0.01906105831871291,0.29620417316573394,0.45081153238959853,0.8357678502434706,0.16423214258256597,7.173963443540191e-09,0.0,1.0
0,0.023096651357677828,0.02193383829403331,0.039029688508561075,0.018951708014737778,0.29661901543603064,0.4468995186382938,0.8578110571466409,0.14218894000587684,2.847482377769224e-09,0.0,1.0
0,0.022936280724576957,0.020647249825426966,0.03695160517287028,0.015117512282513085,0.2986628585835788,0.4474849132507325,0.8405236689644598,0.15947631290329534,1.813224490112868e-08,0.0,1.0
0,0.029864199363660394,0.022705223993493416,0.04756259529299893,0.02506338572128955,0.3291688456926601,0.38307091133858767,0.7639176482057792,0.23608234603916758,5.755053227959847e-09,0.0,1.0
0,0.032692839731130754,0.02358801864183414,0.049802407122409624,0.03084506883631446,0.34182157613380687,0.35855120584106476,0.7438248729228056,0.2561751047350161,2.2342178394288877e-08,0.0,1.0
0,0.032369034751974404,0.02470375176581512,0.0509328586994864,0.0298732845667812,0.33078236081719103,0.3753507513534444,0.7917235989895867,0.20827638277952507,1.8230888158823687e-08,0.0,1.0
0,0.03171360650898671,0.022107170718630727,0.04816446341461981,0.029268872461853043,0.33366897495882786,0.3745270212671943,0.7415113713288943,0.2584886220430982,6.6280074344295605e-09,0.0,1.0
0,0.0537087662156063,0.0267430828565144,0.05810180335120876,0.047890031007334175,0.3141606176308347,0.2111803029812948,0.6578951311918042,0.3421048283204601,4.048773567813693e-08,0.0,1.0
0,0.05181807430243167,0.026414498852062294,0.06188802275462082,0.062409507729975916,0.32326973738057607,0.17108903363150577,0.6051483466841991,0.39485157882207295,7.449372797260993e-08,0.0,1.0
0,0.05148703436782124,0.027329061686826736,0.04768877961442897,0.07731070036714188,0.31382741224972965,0.14064934308557747,0.5530905003694886,0.4469094414623809,5.816813067681061e-08,0.0,1.0
0,0.052446426309970054,0.02655791103472361,0.053228297853337936,0.0617023710364908,0.3193523530615214,0.21372842140380272,0.5993842465663877,0.4006157316762074,2.1757404969864607e-08,0.0,1.0
0,0.056146648411744944,0.024884025876240817,0.057622006869275454,0.06434612973737493,0.31291027966484847,0.15642537836139941,0.5745352845302379,0.4254635823919569,1.1330778052354956e-06,0.0,1.0
0,0.050695777602840886,0.02579200977658872,0.04040218336267695,0.07463868257262198,0.31494465916469433,0.18834881280741736,0.5445853098486257,0.45541466737425074,2.2777123448212228e-08,0.0,1.0
0,0.0445634088463655,0.024826113016175707,0.023447106308465922,0.07762853339740247,0.32262091543218757,0.22232417746283387,0.5259534715925417,0.4740465185257276,9.881730673956618e-09,0.0,1.0
0,0.05000382424350812,0.030796078828569294,5.399957149003597e-07,0.09927955803008721,0.3081461035729738,0.10374112420626513,0.5201297319684984,0.47987026800499716,2.6504499299990838e-11,0.0,1.0
0,0.05419459705737303,0.0281124736445473,0.0010400643968121826,0.10336760147518141,0.3322961149996668,0.18770269087721556,0.4666860626635959,0.5333043100384504,9.627297953702288e-06,0.0,1.0
0,0.04609618932545738,0.02598238693920217,0.051393895307757335,0.06826186662859993,0.3358727526935128,0.20065720725956226,0.566310391862615,0.43368959293812487,1.519926019744181e-08,0.0,1.0
0,0.04446290838251473,0.024678719805846155,0.051921574463224894,0.059315884059820335,0.32272769464604073,0.276481586695439,0.6174201457202348,0.38257984409448925,1.0185275874745506e-08,0.0,1.0
0,0.03208698997923491,0.02371697032676192,0.04908814819603517,0.026708939436331153,0.33423212227101523,0.38077489699413425,0.7896635691565397,0.2103364116851183,1.9158342032866607e-08,0.0,1.0
0,0.03269178656387363,0.02353911621772656,0.046432557193568,0.03388016215894977,0.3470506301163963,0.35145397444686416,0.7332336893273149,0.26676629104508376,1.9627601177294588e-08,0.0,1.0
0,0.022054708146161686,0.022260095974666053,0.040281121251382584,0.019551500918828346,0.28328448951251006,0.47224051730724337,0.8605419120430713,0.13945808357574402,4.381184526758514e-09,0.0,1.0
0,0.029821976836760897,0.022993256301890863,0.043881598349962796,0.0230264645399043,0.3280896873471534,0.3889455123726728,0.7959660461602689,0.20403394440845463,9.431276420711513e-09,0.0,1.0
0,0.022167424154163864,0.021860423654895312,0.03896285810333483,0.017166866665832416,0.3027815086083558,0.44116613945996636,0.8631147021033061,0.1368852903931206,7.503573269798748e-09,0.0,1.0
0,0.021733582364450815,0.021816255808922564,0.04200218301523195,0.01896336112101334,0.29439680542807967,0.4514702057638298,0.869859211337462,0.13014078488810252,3.774435484468859e-09,0.0,1.0
0,0.022066350092389393,0.0216824926276302,0.03949263351245258,0.016559537825216845,0.2956251472439041,0.45071617177963397,0.8712673717647955,0.12873262347548428,4.759720178417872e-09,0.0,1.0
0,0.03277768630682942,0.02337071502393977,0.05148167849583381,0.031349833179286704,0.3226381069688059,0.38850441731379237,0.7673520250560876,0.23264796939807547,5.54583701790683e-09,0.0,1.0
