,mu1,lam1,mu2,sigma2,mu3,sigma3,w1,w2,w3,Target,Stimulation
0,0.03190535983569236,0.02310571271938652,0.046413721297003926,0.03361505246021722,0.34575654935833944,0.35196632532144845,0.7326118083288871,0.26738818101248263,1.06586302436707e-08,0.0,0.0
0,0.032287309135832845,0.023464340165161218,0.047943289480001434,0.028375883813985994,0.3391944929260965,0.3702156843318456,0.7802658459265168,0.21973413971478464,1.4358698599386111e-08,0.0,0.0
0,0.0329244570022886,0.024069598757042128,0.04802265572347649,0.02669449839061451,0.33262481702925917,0.37392738496202915,0.7736026116520162,0.22639738282351726,5.524466696267421e-09,0.0,0.0
0,0.033176593979457845,0.02311388097201852,0.046816491175986255,0.02901468124807123,0.32835460397224725,0.3850580223395141,0.7801076354193639,0.21989235555563738,9.024998655392266e-09,0.0,0.0
0,0.04639700931683623,0.026039340809610928,0.05038427679395526,0.05774019187010439,0.33458322475728147,0.2563013780231719,0.6420108127489736,0.3579891727667508,1.4484275426231134e-08,0.0,0.0
0,0.04456635478370424,0.02678123608569561,0.033056222565300976,0.07880057723260124,0.3283776481576917,0.24980831405035164,0.5344506497847583,0.46554933971709145,1.0498150302818594e-08,0.0,0.0
0,0.05366855729179828,0.027548630258969052,0.05400261429408292,0.05805199781980911,0.3315182843237362,0.26181254988473346,0.6298697943304261,0.3701298191325493,3.865370245333983e-07,0.0,0.0
0,0.05132501713813217,0.0275123612718002,0.015986661689985526,0.08800297376643557,0.3114894015923172,0.19168510045563117,0.5226108903750603,0.4773890745240931,3.510084673160735e-08,0.0,0.0
0,0.04919728741498849,0.02793745652768637,0.05121433646372544,0.0599136274223132,0.34201963924004725,0.16144945205194447,0.6045898606646344,0.39541006522155575,7.411380995269584e-08,0.0,0.0
0,0.06595262031813064,0.02935244287633066,0.04627719632019198,0.08770902498541004,0.2907947337710786,0.014085030456142332,0.47351832747850725,0.5189313595941895,0.007550312927303286,0.0,0.0
0,0.05649816704233505,0.02700467085167313,0.06296760505030878,0.04369185369839619,0.2,0.08074330150099969,0.42945939485514906,0.40680388786269406,0.1637367172821569,0.0,0.0
0,0.05157904872469253,0.024173036360751587,0.04686034950754119,0.08689120056786778,0.20000070149271976,0.15148033756529186,0.308251030390459,0.5764134620498326,0.11533550755970849,0.0,0.0
0,0.07756105299948231,0.030316626476696636,0.06863021480748842,0.0810138730500668,0.20000224167687253,0.1565045098318479,0.35414754540322435,0.4793816782728529,0.16647077632392274,0.0,0.0
0,0.06078108372616279,0.027422483826565716,0.056824575754930176,0.06541861567936076,0.20008543242620355,0.1180484886253173,0.36586211034245175,0.5029558707656606,0.13118201889188774,0.0,0.0
0,0.07277795386612054,0.026260839027203317,0.061202827964174505,0.051423949062668714,0.20000000796688533,0.06493746174680133,0.42608714506557366,0.4577955611538394,0.116117293780587,0.0,0.0
0,0.06954988562644748,0.026925842862767432,0.06439372624455637,0.04388304076454522,0.2,0.05613463373313399,0.46604934780431184,0.3947085190451587,0.13924213315052955,0.0,0.0
0,0.06651897014032887,0.028125177694190092,9.419845120283157e-07,0.1252798433577961,0.2449409505240811,0.01804675980721314,0.45373705909750733,0.5462628793294456,6.157304692303012e-08,0.0,0.0
0,0.05618136066918899,0.02605994509387447,0.06404343825257172,0.054328234716385135,0.20000005096969842,0.07216413199553624,0.45515601926535193,0.43192861831975915,0.11291536241488886,0.0,0.0
0,0.06057963088799212,0.027770565408617272,0.060625389288578475,0.057299467245118654,0.20000017356350763,0.09280990309973153,0.41381534046968166,0.47889921559734416,0.10728544393297439,0.0,0.0
0,0.045033050290905284,0.025704561238961934,0.05241963051789567,0.056898683059104775,0.34413286815852484,0.2051826687876667,0.6201035859669215,0.37989636582648073,4.820659760323626e-08,0.0,0.0
0,0.04084544785900013,0.024968035975687447,0.05111311993255566,0.05125937080428239,0.33405547552395876,0.2964714626347877,0.705953676470795,0.29404630156722666,2.196197826140988e-08,0.0,0.0
0,0.058089036673056225,0.02945328919415825,0.008815679433341878,0.09917978218002062,0.2727087806553804,0.11936108943021932,0.4505256305755173,0.5494743665516901,2.8727925469979357e-09,0.0,0.0
0,0.043383553037048536,0.02306419145373929,0.0561402826242252,0.03677382837503776,0.33370680675082043,0.30647047875084327,0.7007196522716698,0.2992803093982139,3.8330116229260006e-08,0.0,0.0
0,0.0419735332681692,0.024825097627243716,0.05721247690080422,0.040121406709108874,0.3381880665873344,0.3004501921538542,0.6785504597431667,0.32144953339267235,6.864160915515427e-09,0.0,0.0
0,0.04284829726675714,0.024804280331112812,0.05235131699216501,0.04797854660876377,0.34402474209550415,0.2709148854505897,0.6424000349997842,0.35759995129348365,1.3706732371186337e-08,0.0,0.0
0,0.043252233590706096,0.02514216685170912,0.051251571147795064,0.05227062006139918,0.34959443444548294,0.21038405981512842,0.6686620148910299,0.33133797215230365,1.2956666375816527e-08,0.0,0.0
0,0.04080921954581689,0.02351212086186157,0.052956805842522485,0.04237649347070117,0.33334925886112327,0.2959445580377173,0.6510248957156219,0.3489751006305609,3.653817300094736e-09,0.0,0.0
0,0.04663132080941965,0.02614595622717705,0.0403044484599131,0.08048678049909784,0.331456267956261,0.22326463105682515,0.5758369891003631,0.4241629035946289,1.0730500808248416e-07,0.0,0.0
0,0.0432073873788437,0.02610375517029913,0.045705957680105526,0.05548813299325852,0.35798579118267715,0.26752225949859537,0.6562548099961358,0.34374510165758004,8.83462840594152e-08,0.0,0.0
0,0.04262565272064067,0.025875732169698722,0.0555714192116736,0.048576280540856255,0.3446017375799806,0.2643167977446063,0.6950892397828212,0.3049107484211273,1.1796051329490063e-08,0.0,0.0
0,0.04190876082175064,0.025323226187034954,0.05858753281395001,0.03768944001579492,0.33391670857344014,0.2970623043274301,0.7547489450306429,0.2452510502156936,4.753663554226676e-09,0.0,0.0
0,0.04434356775032419,0.02651579613379036,0.056187043482617334,0.04284717649516302,0.35440493562823555,0.2524478333285629,0.674489021353152,0.32551096624783277,1.2399015241891621e-08,0.0,0.0
0,0.05501382930119576,0.027637230632389057,0.04805586839292134,0.07066273842026727,0.3111068835180576,0.19470859608712485,0.5332285481719686,0.46677143048701725,2.13410140172841e-08,0.0,0.0
0,0.0566098328092568,0.028848457150330443,0.03087039143612757,0.09081367519136983,0.3099081534384293,0.16882476872456895,0.48912801620653906,0.5108711470030315,8.36790429585312e-07,0.0,0.0
0,0.06114977551416841,0.030666796967711685,0.03180559350454093,0.09816176956001348,0.31703129517534656,0.16050488908337435,0.5263836364568077,0.47360021938746527,1.614415572696295e-05,0.0,0.0
0,0.060181803093285066,0.0388604685987449,1.422789797093192e-06,0.13302657062176906,0.3093645479759235,0.08662990724711474,0.48909100972408326,0.5109086036147112,3.8666120537593347e-07,0.0,0.0
0,0.05782530686248382,0.024846036503786712,0.05614880728747835,0.07814394734709346,0.20000099021357035,0.1388104976683397,0.39701692097108965,0.5121795144189404,0.09080356460996995,0.0,0.0
0,0.054571953431292806,0.027046896069081814,0.06018945412173936,0.06334435160967965,0.20003118403130205,0.11806985059978833,0.3695022001398456,0.48883208019172103,0.1416657196684333,0.0,0.0
0,0.06619919242815059,0.025071666740692486,0.0688448466392022,0.04799692205284615,0.2000000000000001,0.09080898877722765,0.41806908324450376,0.4104949786320009,0.17143593812349547,0.0,0.0
0,0.0678432247314109,0.03011162775493834,0.06406069982136027,0.06584551359229493,0.20003958341338088,0.12517788794904938,0.4028480965773356,0.41812447382036516,0.1790274296022992,0.0,0.0
0,0.05788632369494699,0.02474360934580345,0.06066302899972651,0.06403517842283063,0.20000028384263238,0.10949247046401021,0.3987777159191443,0.50087326051117,0.10034902356968568,0.0,0.0
0,0.06124659173991243,0.027104487904942035,0.06647972548165129,0.059826038564273924,0.2000006018152852,0.11803243365390075,0.4078929004248109,0.47650559822440297,0.1156015013507861,0.0,0.0
0,0.06731241449178761,0.025156131555476285,0.06586745838651431,0.05918923316947483,0.200000556782944,0.09361020282264547,0.37000354528375146,0.4998222333154319,0.13017422140081686,0.0,0.0
0,0.05680930959608986,0.028422097804552095,4.386064007793984e-05,0.11917964059561859,0.30974433624452496,0.1231395616277573,0.4231544862577299,0.5768411725316731,4.341210596969994e-06,0.0,0.0
0,0.051103318336550504,0.027450270089001375,0.03571640335549817,0.08202564519043617,0.3128452100907869,0.17737877014124145,0.5736833828163336,0.4263165821952675,3.4988398947950573e-08,0.0,0.0
0,0.04368202483068269,0.025633702217547967,0.055502196381115025,0.055886178526401785,0.3292022397667851,0.2771112740807466,0.6784453975888908,0.321554581794706,2.0616403315330458e-08,0.0,0.0
0,0.03233618139839691,0.021771674973966596,0.04808160135015274,0.029173555388561832,0.33706973378033306,0.36047847498876817,0.734940354030354,0.2650596416885107,4.281135338317383e-09,0.0,0.0
0,0.04062826162654417,0.025658324932340538,0.05298904308025479,0.04104929150482548,0.3558102067132777,0.28242998617404474,0.707959018000521,0.2920409705897823,1.1409696751214752e-08,0.0,0.0
0,0.034007691573341534,0.023871625535607073,0.04743450475883727,0.029759334113245932,0.3268905932441049,0.37345666798107363,0.7980839627137691,0.20191602455603733,1.273019365986653e-08,0.0,0.0
0,0.03414581823668689,0.023176277065238306,0.04704266320609055,0.029903323378862066,0.3330991912121658,0.3473176928027423,0.7437832612253712,0.25621673223618474,6.538444257946071e-09,0.0,0.0
0,0.0355597482748068,0.02309597617871796,0.04615570330643652,0.029258037455611036,0.33744144737701887,0.3491827642575235,0.7347687830868525,0.26523120984465476,7.068492800096471e-09,0.0,0.0
0,0.033811360009862866,0.024564103552903564,0.04933924094684101,0.031185623938260368,0.33908649469257723,0.3282017770100783,0.7712323721076846,0.22876762045108934,7.441226095339707e-09,0.0,0.0
0,0.03846712167031719,0.024454720100863282,0.048280971588854686,0.04069045878108543,0.38189502929932784,0.25221495684291095,0.6720255203935539,0.32797446119484835,1.8411597821556298e-08,0.0,0.0
