,mu1,lam1,mu2,sigma2,mu3,sigma3,w1,w2,w3,Target,Stimulation
0,0.05332217067088129,0.02862074890333033,0.021344205076815233,0.0924259414115706,0.31399620139529855,0.15156270719041792,0.5305877647304171,0.469412010474046,2.2479553672707874e-07,0.0,0.0
0,0.05397942518494569,0.027624759051273904,0.029540877056336127,0.08301223121681296,0.31019662123912556,0.17427486368092346,0.5197627537132151,0.4802370997253942,1.4656139063203457e-07,0.0,0.0
0,0.053155730266965254,0.025329351808327814,0.038586326731081026,0.078669171316612,0.31556378419166164,0.17623195973160577,0.5299426490347582,0.4700572922872891,5.8677952666652274e-08,0.0,0.0
0,0.05182812895135321,0.02743376640456937,0.026843778309186595,0.08665411889662275,0.3081558596155338,0.1827438352590045,0.5132689419889767,0.4867310082590803,4.975194310076269e-08,0.0,0.0
0,0.05478648325956124,0.027930531418541574,0.029406444981444693,0.08231345709479869,0.3082650561661355,0.1879581417528738,0.4895068053560922,0.5104931374794153,5.7164492445261404e-08,0.0,0.0
0,0.06687087742791256,0.032440464570936973,8.11103908776731e-07,0.12038859215339406,0.2475165283284525,0.02472854630644135,0.4640658072078016,0.5359341877914037,5.000794660053946e-09,0.0,0.0
0,0.06394102344284854,0.027257828566443935,0.06231463821728514,0.047946278444782796,0.20000000000000032,0.07121904640388267,0.4483629177666154,0.4352532055558723,0.11638387667751235,0.0,0.0
0,0.059557820434253055,0.031023683473373684,1.768294716675996e-05,0.1270387422774153,0.30463249252578284,0.10047454801733531,0.4653345057986733,0.5346634042841651,2.0899171616836564e-06,0.0,0.0
0,0.06933291979803781,0.034822425241596365,1.251034619361959e-05,0.11283149703293205,0.3165133641697159,0.198107661492583,0.4151288777725346,0.5848688605452037,2.2616822616951652e-06,0.0,0.0
0,0.06548940106306514,0.02596278633050824,0.06820766092139843,0.05039819052847711,0.2000150887196608,0.054254129381546744,0.48030362998029696,0.41824719723641063,0.10144917278329245,0.0,0.0
0,0.05805317729412384,0.0280071131838835,0.05860295190136109,0.06368253208804148,0.2000002670206016,0.09903541022124554,0.39960806283354716,0.4577578173410702,0.14263411982538274,0.0,0.0
0,0.06236474437266365,0.027215450697347023,0.057760235298520174,0.05342470659479948,0.20004798876803706,0.09294553395443168,0.36920394373510773,0.43370132056590327,0.19709473569898905,0.0,0.0
0,0.07139214393708065,0.02443250839199731,0.06594308353274085,0.06127986363754779,0.20001612789592715,0.11389398248587014,0.3397521892979577,0.4686443230934122,0.19160348760863014,0.0,0.0
0,0.05616742322776252,0.025829961495387622,0.038477085590510066,0.09209447600268131,0.2000042460653358,0.17612828359597932,0.27792324763651816,0.6382579693938751,0.08381878296960683,0.0,0.0
0,0.06375103026787628,0.027109563441110547,0.0580767425757764,0.07390097121988695,0.20000100513664112,0.1498155577587506,0.35061858981268373,0.5094966445539331,0.1398847656333832,0.0,0.0
0,0.07275005235299849,0.03145499706300758,6.333237209665982e-05,0.10783420642376243,0.20027762283566122,0.1307065080747261,0.31037870712739046,0.5693120640158381,0.12030922885677144,0.0,0.0
0,0.06371766960138639,0.0340058604052028,3.873335859608871e-05,0.09642237319144195,0.20007236677041706,0.10440340154983101,0.37318743930785214,0.5034750182928893,0.12333754239925841,0.0,0.0
0,0.05188139301307007,0.026181791003172392,0.06285852958737488,0.07973932062566257,0.20000440892479765,0.13876401838230185,0.37782543846694094,0.5212709947252575,0.10090356680780162,0.0,0.0
0,0.06189397130711862,0.026988613712676225,0.061280142283042446,0.06400143397914246,0.20000016061994022,0.1215318413314516,0.4037577645207232,0.45642719671468657,0.13981503876459012,0.0,0.0
0,0.055290408999081386,0.0323191159752524,2.934585533912915e-06,0.12272570876193431,0.31889701584246893,0.13965188603968143,0.46101354816878937,0.5389858124045459,6.394266646516269e-07,0.0,0.0
0,0.062011309714972734,0.03055638591450257,5.436747110402809e-07,0.1174108494162269,0.26065292697773046,0.032395614719213595,0.46243553611157645,0.5375644584068755,5.481547918983654e-09,0.0,0.0
0,0.06279583582260305,0.027891432822893535,0.06099830733548875,0.0610376033098233,0.20000244218190363,0.10453623321710648,0.4282037630009051,0.4723039004270354,0.09949233657205958,0.0,0.0
0,0.1298109622127614,0.022911196291161732,0.048706827392788796,0.12442086186443396,0.20012266564146564,0.2467512571817941,0.27318892196846134,0.48647173427847284,0.24033934375306581,0.0,0.0
0,0.05869229677840715,0.032316433796337425,5.2547600841833634e-05,0.12568297905812192,0.3142860440975631,0.11313827367270608,0.4490962300247736,0.5508930442145531,1.0725760673164763e-05,0.0,0.0
0,0.05722934752286155,0.022384759388966564,0.05609798077749583,0.054305855965519005,0.20000013633389618,0.08566472423879914,0.3408001825260394,0.5326671506525361,0.12653266682142453,0.0,0.0
0,0.05904896914922115,0.026325095438420803,0.06854151333336585,0.053659049720412244,0.20000013270801986,0.07715113647114409,0.41705744571106046,0.46059658419909816,0.12234597008984133,0.0,0.0
0,0.05781525014670283,0.02718816227685679,0.04563185312691257,0.07254951111764506,0.31414244133442876,0.16270454731064007,0.533395556123892,0.4666041829449133,2.609311947498927e-07,0.0,0.0
0,0.04902410290821563,0.025390471009938704,0.05830180266363868,0.06549409194097479,0.2000004497238213,0.11066461919792786,0.36852510605644695,0.5229607036620832,0.10851419028146977,0.0,0.0
0,0.050456351928513284,0.027204413936684414,0.06202442780992986,0.059313398255474964,0.2000016513926588,0.11364730046869628,0.37421026031821286,0.46902181598743836,0.15676792369434878,0.0,0.0
0,0.05464317605582237,0.023491145836257075,0.06609934011706611,0.05557074004729607,0.20000024577337497,0.09731651018757267,0.36996057771031815,0.48537919728447954,0.14466022500520231,0.0,0.0
0,0.058153664671161884,0.02807603494835238,0.06536300838046932,0.06927719053070085,0.20000042584405442,0.12399332209750213,0.38876512395443474,0.4790019974594892,0.13223287858607613,0.0,0.0
0,0.0737275662226877,0.036234775690662774,1.497364209609726e-19,0.12940650078111526,0.30348743306484205,0.010000138725703628,0.42093910353238756,0.5752833696661921,0.003777526801420409,0.0,0.0
0,0.05425549406413583,0.023452556931421144,0.06384077953287359,0.0509582725365781,0.20000033054095154,0.09206014515817473,0.33072332255866016,0.4906743687887598,0.17860230865258012,0.0,0.0
0,0.05329583802141155,0.02680609306360276,0.059853928318261064,0.07989297922107141,0.20000098533744162,0.1451814503303449,0.335079803235763,0.5284562127069933,0.1364639840572437,0.0,0.0
0,0.05915564654046345,0.027576071982163188,0.060085165642623756,0.06490417148144889,0.20001576032238544,0.13335957343386826,0.34511759145709114,0.4709509977736792,0.1839314107692296,0.0,0.0
0,0.05412585305710796,0.02766117882347875,0.06886383892709819,0.05456047731022268,0.20000058253681022,0.09498528860590326,0.3727561021660279,0.4680682223628456,0.15917567547112663,0.0,0.0
0,0.058690417751976046,0.034378618896001155,0.03618633411063843,0.08689959148718472,0.20000178740584196,0.12245542311088238,0.3533563017074186,0.5223577452276839,0.12428595306489752,0.0,0.0
0,0.07144854392597216,0.029212106158631974,0.06366768624045444,0.06562666720761187,0.20000282401744307,0.08445152904355131,0.3944515506001403,0.4977268527034633,0.10782159669639638,0.0,0.0
0,0.05763683373089274,0.029770920429191227,0.060169349452968264,0.06312874959408489,0.2000003896321614,0.08744392668534448,0.46216237769118423,0.43809649343073886,0.09974112887807694,0.0,0.0
0,0.05818012022618229,0.0269835095813093,0.06297318506238131,0.05422191651724599,0.20000019849760234,0.07418976734949628,0.42931523287897905,0.4459428742269867,0.12474189289403437,0.0,0.0
0,0.06002583975699214,0.029070114173757353,0.03930381579701004,0.09362729233844572,0.32330386215521945,0.17892853477653173,0.5059144750421362,0.49407631739391994,9.207563943775528e-06,0.0,0.0
0,0.0506112333021158,0.026634994509860437,0.022777580545476666,0.09698299832444249,0.3091375380249175,0.175169553801799,0.5435819957527338,0.4564178426024155,1.61644850539903e-07,0.0,0.0
0,0.057554467751583537,0.02815481342360379,0.05239215441306474,0.0694418822777981,0.31446553394327353,0.16610705548660498,0.5760423214015247,0.4239575157566923,1.6284178299071877e-07,0.0,0.0
0,0.053251770743364346,0.031082601557981166,1.188535749038712e-06,0.10819149987627948,0.3218290723009216,0.1458721594422697,0.4454839467889815,0.5545158960863763,1.5712464228945133e-07,0.0,0.0
0,0.04875800468484837,0.02628021262991731,7.078385917904724e-07,0.11134069480944152,0.3055724658804583,0.10052688905403438,0.45136559540170607,0.5486341511444847,2.5345380922774025e-07,0.0,0.0
0,0.06197436204339559,0.034446892194340904,1.4073290586300907e-06,0.12174515008181891,0.309609609174722,0.14541208676222508,0.4159089605790638,0.5840907818848056,2.5753613075921745e-07,0.0,0.0
