,mu1,lam1,mu2,sigma2,mu3,sigma3,w1,w2,w3,Target,Stimulation
0,0.019999987812140997,0.01999999999998579,0.036421926277917314,0.028382804711236942,0.04000000000000237,0.12157407456792631,0.3432572208166995,0.4832674512512305,0.17347532793207,1.0,0.0
0,0.019997659353273533,0.019999999999948004,0.03808772152728052,0.03319658065638503,0.04,0.18069282910440085,0.17058860108276522,0.5880041702032569,0.2414072287139779,1.0,0.0
0,0.019999914970887715,0.01999999995974293,0.03976592170495201,0.03235157013396587,0.04000000015647041,0.12184164140017725,0.2272727000915836,0.49258632480423326,0.2801409751041831,1.0,0.0
0,0.019999996136168523,0.01999999999907778,0.03999997319303645,0.030332693162642234,0.04000000005797403,0.11724898356040263,0.2955801589655439,0.4309607252461865,0.27345911578826965,1.0,0.0
0,0.019999999999996312,0.02,0.03999996816794025,0.03127539586280752,0.04,0.1631247230223217,0.23480466825253513,0.44511391285854884,0.320081418888916,1.0,0.0
0,0.019999995012913534,0.019999998977952942,0.03538897903659206,0.017994100940926662,0.040000000041929704,0.08881386037092857,0.4618137751261256,0.3296025796473263,0.2085836452265482,1.0,0.0
0,0.02,0.02,0.0399998117001901,0.042919918946700684,0.04,0.15398191077802845,0.20614602242450214,0.565464032843971,0.228389944731527,1.0,0.0
0,0.02,0.02,0.03999983222172813,0.05626623534456358,0.04,0.19756195908924756,0.09613472259881553,0.5692709928366853,0.3345942845644993,1.0,0.0
0,0.019999997669464843,0.019999999999620228,0.03496736943506709,0.01842303999741912,0.04000000003867505,0.09555975421531215,0.5187065970881699,0.32389465489767555,0.15739874801415446,1.0,0.0
