,mu1,lam1,mu2,sigma2,mu3,sigma3,w1,w2,w3,score,Target,Stimulation
0,0.021158107839389602,0.02263770613374694,0.07696537004047121,0.12866737707355802,0.3880662579797761,0.36312519474277455,0.9999999912289809,7.430423075375186e-09,1.3405960513942095e-09,0.03485739895411322,0.0,1.0
0,0.020946682934669933,0.022716621282714376,0.08010460762434804,0.15065544961051908,0.39113617985757554,0.3604181896368942,0.9999999644872958,2.325010233889511e-08,1.2262601881804191e-08,0.03199138307906313,0.0,1.0
0,0.020920761849632756,0.022519180383583488,0.07861325744236528,0.1396054243361543,0.39244429959714977,0.3586011201058782,0.9999999918760271,4.8116596780077964e-09,3.3123131770874878e-09,0.030415425414983654,0.0,1.0
0,0.021063853157993535,0.022650747081726107,0.07864792225658059,0.14014882115385421,0.39096224075191877,0.3603573400823426,0.9999999898255706,6.776472062367553e-09,3.3979574223339904e-09,0.032409991989151954,0.0,1.0
0,0.021028590015070344,0.022651188450025613,0.07859988602655023,0.14022508038939555,0.3897540027628877,0.36153924847872626,0.9999999854767294,1.1415311471838214e-08,3.1079592215741457e-09,0.03152225010191223,0.0,1.0
0,0.02859098945932348,0.024707656106339067,0.07395470404690208,0.09519569690258495,0.3881170574620401,0.3595871411374629,0.999999957137408,2.9205851865463195e-08,1.3656740213175807e-08,0.048384385672582186,0.0,1.0
0,0.035442341437854276,0.027177283543727775,0.06061683713121725,0.04494396053754586,0.3894084710566734,0.3526448099929378,0.9999959406100759,3.6746048792582904e-06,3.8478504484543355e-07,0.06698195308319277,0.0,1.0
0,0.02559788231046245,0.02397309644601422,0.0772806057553408,0.11775421304750941,0.390815033882109,0.35783067496600024,0.9999998463644363,9.314565405709805e-08,6.048990979415733e-08,0.04867376524132139,0.0,1.0
0,0.0336684272456113,0.025967568902145625,0.06196109570122023,0.03675215835757442,0.38729049658623826,0.35116230112903646,0.9999999468697797,3.6278040719167085e-08,1.6852179686541087e-08,0.06031869279262847,0.0,1.0
0,0.02853944215541638,0.02486520502421155,0.07826500415099376,0.12452156841821165,0.3892768075023015,0.3596124912524659,0.9999993529141914,4.804731022983447e-07,1.6661270609037956e-07,0.04517822131484517,0.0,1.0
0,0.043259380955835175,0.025054006561016813,0.05466388768928793,0.04791231066420175,0.3450029733596228,0.2944462417911214,0.6908895385710099,0.3091104536246693,7.80432087458278e-09,0.06609874114161285,0.0,1.0
0,0.04105582170164223,0.02491119928631653,0.054183699423939184,0.0479805806038793,0.3546377724996745,0.32275550674459963,0.673471802408284,0.326528172969481,2.4622235055455087e-08,0.062300795126878555,0.0,1.0
0,0.04514411988701466,0.02564703500499176,0.05226432529463964,0.0581592812526053,0.33811157521811463,0.25929605606714584,0.6268097127406242,0.37319027732689664,9.932479138680798e-09,0.09068102763406255,0.0,1.0
0,0.04718372594493353,0.028824836157502757,0.05527209533520856,0.061309412804795474,0.3426482376294746,0.2586090782201291,0.632089865369713,0.36791006659616743,6.803411947974562e-08,0.08986495165807906,0.0,1.0
0,0.04806171404878068,0.026944831146962448,0.040649253434938304,0.07670340876043152,0.3286010391076417,0.22794095331574107,0.5221157633913089,0.4778842232321503,1.337654079103775e-08,0.15217754414471693,0.0,1.0
0,0.047068051006185475,0.024557497753118475,0.05022252698394156,0.05959226048275934,0.3333458299175204,0.24142553589879484,0.583009806622997,0.4169901817542523,1.1622750646197201e-08,0.10569346534790375,0.0,1.0
0,0.04616908454858207,0.026835798723008838,0.049811739355242024,0.05645345591397628,0.3440865625691444,0.2898384124340031,0.5967333577833438,0.4032666309679022,1.1248753943930432e-08,0.0948963992197075,0.0,1.0
0,0.04353307235277473,0.026263524625306945,0.05038112343885395,0.06314276472299946,0.34217226081956387,0.26480080037102355,0.6227183552851082,0.37728162611735266,1.859753909025189e-08,0.10378285424097577,0.0,1.0
0,0.04605790999635894,0.025598301777904876,0.053328678861130054,0.054231707964581426,0.3429720928290859,0.27045579422099614,0.6408137724319765,0.3591861769173088,5.065071465868443e-08,0.08002056044130745,0.0,1.0
0,0.04347641130566432,0.024987630864242952,0.04904420406454541,0.05781781538289208,0.3415981878007045,0.27455574380048514,0.6165455660997581,0.3834544245171879,9.383053997109736e-09,0.09812124415254825,0.0,1.0
0,0.030566292220052017,0.025155035392521716,0.07205065092628063,0.07960643474065435,0.3886926481022548,0.35737337914056794,0.9999998981138791,5.766587290524143e-08,4.4220247984654385e-08,0.05787653556709149,0.0,1.0
0,0.031555808849726884,0.025773818916960577,0.07014785442942212,0.07617853415799818,0.38626575538117286,0.3581404394144661,0.9999997692401317,2.0356477557495444e-07,2.719509285163473e-08,0.0612018554558017,0.0,1.0
0,0.029972318934869444,0.025286527498411905,0.07228548533260513,0.08558827748189153,0.3883140437533916,0.3576049129114295,0.9999993952822332,5.247262172449155e-07,7.999154962773952e-08,0.05389698489161432,0.0,1.0
0,0.03180169046008679,0.02736465537609045,0.06714546120282378,0.057859671234774625,0.3901377186386822,0.3518813959183827,0.9999999743911818,1.812469830676545e-08,7.484119767485998e-09,0.05613578855002427,0.0,1.0
0,0.021895441220301574,0.022344155911907162,0.07573148999273029,0.11345804547470911,0.39113093365601836,0.35847619968794825,0.9999999898727213,5.773756927378593e-09,4.3535217352725466e-09,0.040126916249517364,0.0,1.0
0,0.022117424951138782,0.022676204650605804,0.07673530661454575,0.12027740800784689,0.39117441085786114,0.3583971286119149,0.9999999748062938,1.6544380424468765e-08,8.649325834717118e-09,0.035292902216256805,0.0,1.0
0,0.022043830032092208,0.02252872180117169,0.0761008581138788,0.11719713174766506,0.39243757596881523,0.3572266415494044,0.9999999822097861,9.386112081801904e-09,8.404101663154948e-09,0.03760689156657859,0.0,1.0
0,0.022440703156337963,0.022705948002462353,0.07593403070342197,0.11538705272299217,0.3905783666028631,0.3589016470507604,0.9999999889509005,7.120204050142724e-09,3.928895491536755e-09,0.04281030434321109,0.0,1.0
0,0.022169621564637188,0.022527483373767244,0.07698000706996287,0.11578627028339487,0.39096957365419444,0.3577496915746305,0.9999999156859998,5.0249425752129624e-08,3.406457447427905e-08,0.04183139343487807,0.0,1.0
0,0.022321298456299238,0.022456719757687628,0.07487107020703497,0.10763782476010407,0.3914395366614857,0.3581891035030646,0.9999999938152655,2.7527392833135663e-09,3.4319950113307244e-09,0.03683046546903723,0.0,1.0
0,0.02237540262847672,0.022371767864655032,0.07913484525808549,0.1405939641335547,0.3913956066659205,0.3596252487169121,0.9999999126131917,5.0839861626275187e-08,3.654694667084182e-08,0.04136467192804649,0.0,1.0
0,0.029809868770749533,0.025142684048690186,0.06948876428264572,0.07013593246307472,0.3867983721862728,0.35476779507021095,0.9999996231072427,3.5162567817121694e-07,2.5267079048079108e-08,0.056296348125208784,0.0,1.0
0,0.02214785754825942,0.023019695975603615,0.07711697906677488,0.13136472238902974,0.39077471454798896,0.3598204033903319,0.9999999546232895,3.737781334429841e-08,7.998897157774195e-09,0.04488850593120475,0.0,1.0
0,0.022229947227162844,0.02308098523478509,0.0751639307783566,0.10902044088215597,0.3914876174873453,0.35745874152331025,0.999999987328109,7.701089534475317e-09,4.9708015018427854e-09,0.04027166720876041,0.0,1.0
0,0.0220440895007027,0.022614306908271747,0.0752024595864571,0.10870853180996093,0.3914036718746921,0.35820800758606014,0.9999999942855224,2.5111695960643545e-09,3.2033077815334884e-09,0.04406416923683809,0.0,1.0
0,0.030313758997485993,0.02543749021287038,0.06826874134328591,0.06765309821312525,0.3870055732918235,0.35600849731778705,0.9999999769368358,1.9935880167381124e-08,3.1272838260127267e-09,0.060222151634535925,0.0,1.0
0,0.03293581614580351,0.02673948745883305,0.06420090119774645,0.043970261096459226,0.38782200109870063,0.3534089877092934,0.9999999837652509,9.746258268249696e-09,6.488490774758782e-09,0.05926990598477622,0.0,1.0
0,0.032380816732670646,0.02649841609609158,0.06740019090898304,0.05979601665369231,0.38544646533308197,0.35647474139831037,0.9999999170111746,7.562556277351609e-08,7.363262519280935e-09,0.05260649954409913,0.0,1.0
0,0.03228789794971734,0.025285570885468248,0.06735591500956575,0.0588739864147089,0.3861971583868713,0.357791642855262,0.999999936389274,4.795553914664925e-08,1.5655186706965366e-08,0.06246892402531318,0.0,1.0
0,0.044669220371998566,0.025550132854168524,0.055434726475099554,0.042527892679559864,0.34634881664533457,0.3042230530329989,0.6866216295758412,0.3133783644431647,5.98099413001323e-09,0.06181147051323188,0.0,1.0
0,0.043236563976624766,0.02641362656640771,0.05514575975937609,0.057955342577950694,0.3528014101012552,0.3040458703409233,0.6353031618669466,0.36469676220352937,7.592952405915585e-08,0.08257647023825226,0.0,1.0
0,0.04478970698471971,0.026898283432145,0.056044300576257214,0.058990101075689076,0.3417762648532776,0.26568849073177303,0.6442023342102647,0.35579765046592526,1.5323809973892292e-08,0.08284577707917457,0.0,1.0
0,0.04418794059649795,0.02572464022536158,0.056330594661247846,0.04711016578314089,0.3408770117972815,0.27975470519604057,0.6608579213902356,0.3391420741210166,4.488747817279296e-09,0.06567481376845341,0.0,1.0
0,0.04807480900502791,0.024621237204141184,0.06042041326471988,0.04919804901923894,0.333527549001319,0.24467351104232454,0.6562495370938795,0.3437504531685793,9.737541152766733e-09,0.060076800515573126,0.0,1.0
0,0.04372495203653585,0.024640221583403867,0.050490535619626215,0.056703985733794635,0.3419711016231158,0.27034995103483955,0.6211148084093843,0.3788851832605762,8.330039437195771e-09,0.09052191229279205,0.0,1.0
0,0.041224964318556254,0.023675021405636498,0.04676035431932461,0.04985305783714182,0.3524463310353819,0.3231013200292058,0.6585987936209182,0.341401196783409,9.595672672732529e-09,0.08734476740096653,0.0,1.0
0,0.0465069067898313,0.028392434341811514,0.040218307916773055,0.06503761571675239,0.3406634283066227,0.2819220495018274,0.632923511028895,0.3670764831521785,5.818926400239107e-09,0.11701079572647033,0.0,1.0
0,0.04899296794493972,0.026753021019705205,0.04221622871932087,0.07160831206109883,0.329507934184186,0.19473056493402485,0.5702759092973895,0.42972401918808173,7.151452889764795e-08,0.13391418777142117,0.0,1.0
0,0.04373766464089566,0.026377917383587825,0.056390373709385225,0.050683596777153186,0.34681963143560646,0.3072207958851128,0.6726688085397949,0.3273311850205293,6.4396757431811e-09,0.07125278342000524,0.0,1.0
0,0.03894187433263014,0.02459286355031464,0.05310452361079594,0.04929979154497857,0.355559300910107,0.31486393570713667,0.6865278822211448,0.3134720885596842,2.921917107343598e-08,0.07101576258296782,0.0,1.0
0,0.031232263361208004,0.026341507265731454,0.06755944782271793,0.058386656153181934,0.387023893087214,0.3563060708826585,0.9999999904523481,6.584766251919773e-09,2.9628857846176916e-09,0.057998946754565905,0.0,1.0
0,0.03305016010261403,0.026783770766814468,0.066190826575675,0.05413568507671141,0.3896590303599607,0.35425021696633874,0.9999999593181838,2.5071718113845365e-08,1.5610098178358034e-08,0.06152620479888993,0.0,1.0
0,0.02146024760829795,0.02308810276583594,0.07798296203766104,0.137624607592627,0.3900934983807857,0.36131478513897614,0.9999999932536507,5.2068235787088325e-09,1.53952564935164e-09,0.034423658666799084,0.0,1.0
0,0.02852200574131655,0.025250236917488986,0.07510432794458478,0.09999120037168165,0.38894876436071363,0.3585561770253112,0.999999919459361,4.992231315765263e-08,3.061832578099848e-08,0.05542481238893804,0.0,1.0
0,0.021174003625807788,0.02283753726365102,0.07928803669461616,0.14728037913133962,0.3917466751506104,0.3597642747509336,0.9999999838330538,1.1374888537779944e-08,4.792057545350837e-09,0.03543274963027976,0.0,1.0
0,0.021158010727438916,0.022669409225052787,0.07569784200724924,0.11691897449344327,0.3852866131105014,0.3652696611108676,0.9999999920588817,7.2679029795092e-09,6.732155050889843e-10,0.0278207086844543,0.0,1.0
0,0.02113469997926964,0.022537311386173514,0.08024692434187974,0.15306744438057318,0.3895594687793019,0.36211323000842377,0.9999999001038373,8.243235871388462e-08,1.7463803892901608e-08,0.0333771534590388,0.0,1.0
0,0.03299416690898143,0.025672749085110063,0.06602392571064335,0.060080372933667386,0.38465547993120247,0.3585243732170692,0.9999998692050713,1.2483904026978297e-07,5.9558884291852064e-09,0.061173197065835794,0.0,1.0
