,mu1,lam1,mu2,sigma2,mu3,sigma3,w1,w2,w3,Target,Stimulation
0,0.019999994916090634,0.02584930257545462,0.04,0.019546950406103405,0.06577872406444593,0.054861329912874,0.5371094277823154,0.2808474466953413,0.1820431255223435,1.0,1.0
0,0.02,0.04,0.03999995190532433,0.07726043622289738,0.04,0.23019124597589613,0.06723397913315704,0.38013620830360023,0.5526298125632427,1.0,1.0
0,0.019999999999999553,0.04,0.03999994477996407,0.08908693963386523,0.04,0.2751471650352765,0.039132891598411615,0.5191609947218718,0.4417061136797167,1.0,1.0
0,0.019999996532480184,0.02568872158054722,0.03999999999999999,0.021209752644722576,0.05786904758853642,0.060879132730549346,0.5390186140333595,0.27319113381832283,0.18779025214831785,1.0,1.0
0,0.019999988136675143,0.02473681694938023,0.04,0.021594470680082536,0.06401370951774579,0.05665709252052131,0.5411728793309233,0.27247647931755464,0.18635064135152213,1.0,1.0
0,0.02,0.04,0.03999996660330631,0.08949216060237868,0.04,0.2523367641495132,0.04251826717939306,0.479247195864666,0.47823453695594087,1.0,1.0
0,0.019999992276962062,0.02690112160442915,0.03999999999998252,0.022965951571112954,0.0400000001252244,0.06983996720796097,0.5176845199011602,0.28977875570208467,0.1925367243967553,1.0,1.0
0,0.02,0.04,0.020000650366927712,0.10914500867165079,0.04,0.2632571995299891,0.06494153636814878,0.5366143491388442,0.398444114493007,1.0,1.0
0,0.019999993581614483,0.02582428642273523,0.03999999999170016,0.019947483452799744,0.06818721981535619,0.05580998414671072,0.5435223660767766,0.27727953770618,0.17919809621704344,1.0,1.0
0,0.02,0.04,0.039999821911930813,0.09093084809461614,0.04,0.23962359673156278,0.08459449175192656,0.4722776999716603,0.44312780827641324,1.0,1.0
0,0.01999999035977876,0.028901336799827232,0.03999999906196431,0.03214835059635611,0.04000000000351224,0.09909026674980032,0.30162932082572974,0.3743776881384564,0.3239929910358138,1.0,1.0
0,0.019999988259110143,0.02839027370746085,0.039999999999825744,0.04178962386812815,0.04000005245756886,0.12686164894769342,0.19086392288789938,0.44469693249954567,0.36443914461255517,1.0,1.0
0,0.01999998329631191,0.026623141004875655,0.04,0.024161512584239035,0.04,0.09584169038611075,0.3176369553631819,0.2921065278016372,0.3902565168351809,1.0,1.0
0,0.01999998450878653,0.028537149066792007,0.039999999999694766,0.0481354376036453,0.040000003281087264,0.14103895777932302,0.19371564605854416,0.4551690342900551,0.3511153196514007,1.0,1.0
0,0.019999401875627182,0.031293768822530946,0.021963879326163983,0.07717632302942716,0.04098908973471545,0.1798190475347417,0.26064494025159246,0.6790937171984114,0.06026134254999604,1.0,1.0
0,0.019999820400993486,0.039998395020507393,0.023142052403119083,0.08749478837296758,0.041530947165438425,0.18422209486725022,0.14729108399035326,0.6253999276383634,0.22730898837128316,1.0,1.0
0,0.019999993460001336,0.027550660964546846,0.03999997405749626,0.041946888777407994,0.040000001048691974,0.11240398824976769,0.2872418648614827,0.46005455259285055,0.2527035825456666,1.0,1.0
0,0.01999996557995409,0.02983878348333857,0.03999999419392656,0.03470376271161688,0.04000000000000023,0.11457282054096185,0.21324632954974557,0.40408932041145823,0.3826643500387963,1.0,1.0
0,0.02,0.02739609738999551,0.039999859307268223,0.06893237257284189,0.04000000000095812,0.19753524053329022,0.16134498439573955,0.5815462071582731,0.25710880844598744,1.0,1.0
0,0.019999972647971646,0.030388188453957375,0.039999999998353554,0.03297524595429743,0.040000163235536505,0.10680861512765152,0.27684039946185773,0.3924028405859605,0.33075675995218173,1.0,1.0
0,0.019999876015509167,0.02896224836920348,0.03999999775746908,0.03159107212442037,0.040000536301766504,0.10054608704240549,0.2766311499490364,0.3883597022105593,0.33500914784040436,1.0,1.0
0,0.02,0.025662491852417094,0.039999858743339736,0.06656361027627045,0.04,0.19179255888693453,0.10358195317588424,0.4506649611284281,0.4457530856956878,1.0,1.0
0,0.0199996656678532,0.02873589621952098,0.04,0.03325842359759447,0.07677491782325478,0.08095345930563998,0.2955755694188586,0.4250545658808883,0.2793698647002531,1.0,1.0
0,0.02,0.04,0.039999960575475495,0.06545269338773549,0.04,0.1943374609809068,0.07557078795753147,0.4747173877882592,0.44971182425420936,1.0,1.0
0,0.02,0.04,0.020004196933817733,0.10410592268631436,0.04000000003822702,0.2688983104637261,0.1161300910596724,0.7251615394814427,0.15870836945888495,1.0,1.0
0,0.019999975950595408,0.028323658977951194,0.03999999946911194,0.0392793050629609,0.04000003183594258,0.11194429102590275,0.28824753007299664,0.4601201553554547,0.2516323145715488,1.0,1.0
0,0.019999969909464635,0.026727790479940266,0.04,0.0354802707808196,0.04000000000000004,0.10551993857580727,0.28279177103007136,0.4529107900168204,0.2642974389531083,1.0,1.0
0,0.02,0.04,0.0399999758026222,0.05845580009821484,0.04,0.1849426626648128,0.11285802138749831,0.45207172637595533,0.43507025223654633,1.0,1.0
0,0.019999983944930834,0.0252113205115214,0.03999999999999999,0.027456356709635164,0.04000000000000622,0.09256315246137903,0.2746436690691533,0.2985301098983188,0.42682622103252804,1.0,1.0
0,0.02,0.029325181153689345,0.038554214892077415,0.07033972704325332,0.04,0.17870753003570694,0.16716671357776489,0.6042845399669309,0.22854874645530418,1.0,1.0
0,0.019999986633623318,0.025696697270606157,0.04,0.03802717306626516,0.04,0.10358579066262473,0.2916177138185927,0.3894181707834161,0.31896411539799113,1.0,1.0
0,0.02,0.02983792397911249,0.03999971646704028,0.0769065496176662,0.04,0.19803905218562656,0.1162745405524917,0.5133358974169827,0.37038956203052553,1.0,1.0
0,0.02,0.04,0.039999629535081245,0.07431805583377384,0.04,0.22470227027806466,0.10430076981887622,0.5628644160951692,0.3328348140859545,1.0,1.0
0,0.0199999857853836,0.025990277634214375,0.04,0.023575587199953313,0.04,0.091520218734713,0.3030156613236159,0.2889681095954899,0.40801622908089413,1.0,1.0
0,0.019999987190632437,0.023711051469925578,0.0399999990128921,0.023563965381001743,0.04000000000027608,0.09367382732339703,0.2948736047811864,0.30839790486982854,0.39672849034898505,1.0,1.0
0,0.02,0.03297281252497767,0.03999943497768338,0.07322633670942236,0.04,0.1874807715256867,0.14962731542472943,0.492572318163197,0.35780036641207347,1.0,1.0
0,0.019999991771221696,0.029014333861671786,0.04,0.03909761346169182,0.04000004051294215,0.11325270249581718,0.24718665536820542,0.41674507565692437,0.3360682689748703,1.0,1.0
0,0.02,0.025638195102343886,0.03999973075743857,0.08892804355126191,0.04,0.22302638616675968,0.12615598565605785,0.626886618687173,0.24695739565676927,1.0,1.0
0,0.02,0.04,0.03999996740735004,0.07187675637598995,0.04,0.19569433505782355,0.11000760004016057,0.4753163830286008,0.4146760169312387,1.0,1.0
0,0.019999993467700615,0.02475832487384053,0.04,0.03660415236906274,0.04,0.10866304295831246,0.27489185472911976,0.45223681924403586,0.2728713260268442,1.0,1.0
0,0.019999993792202773,0.03019713385958936,0.04,0.03350240269569408,0.040000000000000493,0.10035554724283505,0.30653532033909303,0.33481093369944526,0.3586537459614618,1.0,1.0
0,0.01999999660623038,0.028084316471423856,0.03999993645563947,0.03577071188617679,0.04000000002698802,0.0980096241686694,0.28683027303306324,0.35040690065063235,0.36276282631630447,1.0,1.0
0,0.019999783696062402,0.029804462654322593,0.03999999999960991,0.04240363776283049,0.07605939008388174,0.0917150371831642,0.29103004452892656,0.48601637105803874,0.22295358441303473,1.0,1.0
0,0.019999984799960218,0.02708905901389363,0.04,0.03822144791909832,0.04,0.10891411604461558,0.25551072291617843,0.38463716644424206,0.3598521106395796,1.0,1.0
0,0.02,0.028024683435547947,0.039999938091959404,0.052034497579954576,0.04,0.13976406249524564,0.2120618852975239,0.5435549639300973,0.24438315077237882,1.0,1.0
0,0.019999999999985404,0.028851724138076587,0.03999997033691925,0.053234839064758746,0.04000000000165319,0.1390466378719451,0.17216616723410325,0.4463937199126395,0.3814401128532573,1.0,1.0
0,0.0199999996752525,0.027971104444425552,0.03999994743602866,0.05676323649693431,0.04000000006802221,0.16369361339561742,0.1574021528030713,0.4867369619260641,0.3558608852708646,1.0,1.0
0,0.019999994169539355,0.030610846866840617,0.04,0.041758579069556115,0.04000000000002176,0.11736238146555822,0.2503233474631767,0.43744120686943994,0.31223544566738354,1.0,1.0
0,0.019999946662695063,0.028531665721260504,0.03999999996379854,0.0375508640535233,0.04,0.1120408518327546,0.31115478886241427,0.38963193297973464,0.29921327815785115,1.0,1.0
0,0.019999999999997135,0.04,0.020000214531905747,0.1100245940069375,0.04,0.35238426672190265,0.06872327270280425,0.6002713182993927,0.33100540899780306,1.0,1.0
0,0.02,0.028606558281687844,0.03999995718471052,0.0417880891928218,0.04,0.12101224571566631,0.32164336511604746,0.4222930449867786,0.2560635898971739,1.0,1.0
0,0.02,0.03999999999999998,0.02000007178339542,0.11475625301142556,0.04000000000000976,0.3885837689872135,0.07283509521533746,0.6471598006311606,0.28000510415350177,1.0,1.0
0,0.02,0.04,0.020000039411701937,0.1204951399671595,0.04000000000000001,0.3637679812929098,0.08561084340080226,0.6467900830730992,0.2675990735260985,1.0,1.0
0,0.01999999298535382,0.02579252386844402,0.03999999999995474,0.023386303053605676,0.04000000000004612,0.09998158667119691,0.3164732581667672,0.2492209530477061,0.4343057887855267,1.0,1.0
0,0.019999999999946304,0.026445328735780742,0.03999996159036948,0.04692462406719963,0.04000000000000005,0.12732153053768144,0.31835294339143566,0.47475311117317887,0.20689394543538545,1.0,1.0
0,0.019999999999999997,0.03999999999999991,0.02000026978490732,0.1279742771109231,0.04000000002123936,0.37515454206242477,0.08346507882744388,0.6757308653428046,0.24080405582975156,1.0,1.0
0,0.02,0.030293284765627274,0.03999978175879397,0.050291988782245535,0.04,0.14096548775036932,0.3172880764849271,0.5085939883572037,0.17411793515786922,1.0,1.0
0,0.02,0.04,0.020000288424681035,0.12171536680112917,0.04000000000000008,0.3733068585604389,0.07936247631607594,0.6614953343196791,0.25914218936424493,1.0,1.0
0,0.019999969527809754,0.028671082732602354,0.0399999232762979,0.04133434043722046,0.04000000354836603,0.12074041659483176,0.30091842180047385,0.4500967216241976,0.24898485657532857,1.0,1.0
0,0.02,0.029862415980940107,0.039999811151079735,0.10889022768534355,0.04,0.41092385846219115,0.09637139513665371,0.6498438805907888,0.2537847242725575,1.0,1.0
0,0.01999999999999871,0.03999999999999997,0.02000003578107561,0.12147091970012394,0.040000000000770176,0.42011093574732905,0.06885589985821569,0.7055708989698173,0.22557320117196694,1.0,1.0
0,0.01999999269678293,0.031218682561865316,0.03999999989177875,0.04550174479051372,0.04000000415151537,0.1252109439644195,0.3232371341104207,0.4338531143727122,0.24290975151686706,1.0,1.0
0,0.019999999999999924,0.02330909525160536,0.03999970756739668,0.02083784311947461,0.04,0.08564365314314587,0.35420504752742904,0.27189248970651986,0.373902462766051,1.0,1.0
0,0.019999999920394997,0.027176099251604347,0.03999999056956841,0.057379726110396684,0.040000000010256484,0.19198052693244758,0.1107525411416218,0.4743276404667541,0.414919818391624,1.0,1.0
0,0.019999999999998602,0.026994062973861723,0.03999996101708947,0.04039886239327483,0.04,0.1224606166553724,0.3108649247954939,0.432347482911592,0.25678759229291426,1.0,1.0
0,0.019999999999999758,0.039999999999999994,0.020000141790001872,0.11446592261380267,0.04,0.35217785041678756,0.06268090183652732,0.6284699966540659,0.30884910150940664,1.0,1.0
0,0.02,0.04,0.020000107418850156,0.1306819434466633,0.04000000000000273,0.3908476071092839,0.08373548471509486,0.6791991454714164,0.23706536981348889,1.0,1.0
0,0.019999999942530763,0.029286392579882255,0.039999986072946775,0.03912212856878103,0.04,0.13431510677846,0.28409346938827856,0.48372363276827024,0.23218289784345122,1.0,1.0
0,0.02,0.04,0.02000012766968676,0.11052098602809524,0.04,0.391901518223747,0.06547039604775755,0.6449339222161936,0.2895956817360489,1.0,1.0
0,0.019999999985381725,0.02763163394239174,0.03999997734665474,0.04337998165021398,0.04000000050145623,0.1215352624377291,0.33176188428641756,0.4062450383142111,0.2619930773993711,1.0,1.0
0,0.019999882007927933,0.02714543091854212,0.03999999989541956,0.027243498805321367,0.040000000124114116,0.08775289647812237,0.36072710962499355,0.35439400235192714,0.28487888802307926,1.0,1.0
0,0.019999997981884107,0.026781503453023593,0.039999973764522405,0.039956152297481375,0.040000179141993594,0.1131247606292211,0.2429842488915807,0.4174849639727615,0.3395307871356578,1.0,1.0
0,0.019999983833780748,0.023854327772521354,0.037915845301117655,0.019573011836724885,0.05613412016187663,0.0690920945526667,0.410731750149874,0.26832779651401434,0.32094045333611165,1.0,1.0
0,0.01999982248845416,0.027830444636310965,0.03999983895472729,0.026961880488727566,0.04000015624357886,0.14507366867139715,0.14007164987805662,0.23284728275787875,0.6270810673640647,1.0,1.0
0,0.019999993058514035,0.026281956588828446,0.04,0.03584698780715286,0.04000000000139328,0.13079422787959946,0.17927936256718652,0.33821800383869727,0.4825026335941162,1.0,1.0
0,0.02,0.02605672755307989,0.03924871146344769,0.05627830769183956,0.04,0.1485808135594237,0.24416854774989571,0.56892654540162,0.1869049068484843,1.0,1.0
0,0.019999975002616934,0.026952615875715128,0.04,0.021394950531368376,0.04000000000052932,0.07703639930081647,0.40042851700709414,0.27785863565040014,0.3217128473425056,1.0,1.0
0,0.019999963523162606,0.02729088577734437,0.03999999999982949,0.04128204842098357,0.0400000054482699,0.12557444978195972,0.19190919857086008,0.40768494601458166,0.40040585541455814,1.0,1.0
0,0.019999991198592623,0.026551671882005815,0.03999999869754643,0.04077641120091151,0.04000000003162111,0.1147993870030546,0.2791868697820406,0.4622623707907784,0.2585507594271809,1.0,1.0
0,0.02,0.03999999994175369,0.03999750428986822,0.07160406060510778,0.04,0.1887175376084326,0.10641772553852173,0.465218563653229,0.4283637108082493,1.0,1.0
0,0.02,0.03999999999999992,0.039999671055278685,0.07451296555973234,0.04,0.21773595324434222,0.10052827463258991,0.5000023298598785,0.39946939550753163,1.0,1.0
0,0.019999954684045827,0.02996123471063307,0.03999999999999946,0.025342008804233578,0.040000000000000625,0.09906634252495207,0.29479774288870286,0.2992486573778791,0.405953599733418,1.0,1.0
0,0.019999468499014888,0.0248032009114367,0.03999567202989299,0.022048453235610544,0.0400000003129659,0.0943863726072772,0.28701698093740685,0.27052622817336924,0.44245679088922396,1.0,1.0
0,0.02,0.04,0.0399999228756051,0.07735422797634665,0.04,0.2271364759329355,0.08726377457122411,0.6141998763998258,0.29853634902895,1.0,1.0
0,0.019999991372383372,0.02876598407195038,0.03999999999999562,0.032653556091699454,0.04000000356698345,0.09771777658208086,0.26071565100196137,0.3932662230013994,0.3460181259966391,1.0,1.0
0,0.02,0.04,0.03999918963682508,0.07258118813511698,0.04,0.20927765031125634,0.11530370441707011,0.5147845353210837,0.3699117602618462,1.0,1.0
0,0.019993755906982234,0.039916630842140796,0.02494931144527708,0.0850512982778667,0.04009599935446385,0.21513791508339314,0.10933994011906246,0.5614313000095204,0.32922875987141714,1.0,1.0
0,0.019999983704341685,0.02553179173766796,0.03999998707504903,0.04008719414725735,0.040000056738916885,0.11080919551907709,0.2737387777466326,0.4835510957312677,0.24271012652209983,1.0,1.0
0,0.01999999999999901,0.03999982521131871,0.03999949412271837,0.06836204196601194,0.040000000001513714,0.18652339306162524,0.12162907740926988,0.4600695474895111,0.4183013751012189,1.0,1.0
0,0.01999999383459074,0.027997302444500025,0.03999999999777678,0.04214516525971524,0.04000000148635725,0.11491543733869754,0.27746339084003446,0.4873321932498697,0.23520441591009583,1.0,1.0
0,0.019999999992915195,0.027368974762953614,0.039999983969110524,0.04361577894548061,0.0400000000687392,0.11049435726563123,0.29655211211678806,0.45572765140950106,0.24772023647371094,1.0,1.0
0,0.02,0.04,0.039999908373418734,0.07265990305726618,0.04,0.18755831124008807,0.12096425621456852,0.4521010355772254,0.42693470820820606,1.0,1.0
0,0.019999999999714742,0.03999999999983161,0.03595664322170159,0.0904082423580428,0.04000000028808988,0.22989654126271272,0.09638106624297864,0.6217064229522619,0.28191251080475954,1.0,1.0
0,0.01999998331674051,0.027385104735222456,0.039999999995720154,0.026158251969474,0.04000000000195775,0.09456239335217823,0.3040858911921222,0.31695135557266485,0.37896275323521295,1.0,1.0
0,0.02,0.04,0.039999957204666516,0.06560554504210918,0.04,0.2047191751793384,0.10844417687465295,0.4539001734904971,0.43765564963485004,1.0,1.0
0,0.019999976916732908,0.028549013461862824,0.039999997542155476,0.04051091246329327,0.0400000251179152,0.11247531358785343,0.2663740493136456,0.48909880409553075,0.24452714659082356,1.0,1.0
0,0.02,0.04,0.03999992429179769,0.0558817781619087,0.04,0.18886765861767835,0.09518535896143437,0.3925344836906154,0.5122801573479502,1.0,1.0
0,0.019999993770373477,0.02915828142605769,0.0399999999999533,0.04056974059087819,0.040000113004586314,0.10871909286678921,0.2730717847704594,0.49736148504385236,0.22956673018568818,1.0,1.0
0,0.01999999958468987,0.028952889384035237,0.03437326448519384,0.0744930540032475,0.040002143848779946,0.22911207854931198,0.10920979162844942,0.5130702754931177,0.37771993287843286,1.0,1.0
0,0.01999999991105125,0.027265016144268583,0.03999989050665449,0.024756063269801842,0.04000000000644306,0.09170127844179043,0.34394827661043,0.2752951737225234,0.3807565496670465,1.0,1.0
0,0.01999999180739583,0.024488919578322697,0.04,0.02172423427795865,0.04,0.06995766169973278,0.4743939017072501,0.30046502295392585,0.2251410753388241,1.0,1.0
0,0.01999999999997986,0.03999999999996208,0.039999627312016416,0.09786756770566714,0.04000000000806433,0.27337457287692224,0.07407268708704565,0.4782067397921882,0.447720573120766,1.0,1.0
0,0.019999978550560547,0.02670423193425624,0.04,0.027655587344320255,0.04,0.08821594086505505,0.332383566295581,0.31538259442671107,0.3522338392777078,1.0,1.0
0,0.01999999999999934,0.03999999999995618,0.02000016055700319,0.0763367907546082,0.04000193980067671,0.1748820218727843,0.1861829749471238,0.7420260738118222,0.07179095124105406,1.0,1.0
0,0.0199999862949149,0.02540325736261774,0.03999999999103338,0.0206095515636805,0.06795937444773426,0.05461141927761782,0.5405072561443331,0.29275083043597633,0.16674191341969036,1.0,1.0
0,0.01999999999999998,0.04,0.02000383819066888,0.1223313091235015,0.04000000005717291,0.2867470578942756,0.06022169212011319,0.6396036897357672,0.3001746181441195,1.0,1.0
0,0.019999993950314123,0.02636269925426024,0.04,0.02951577052862616,0.04000000000000873,0.10313680896144765,0.32369391980074985,0.37275030670140735,0.3035557734978429,1.0,1.0
0,0.02,0.03999999999999966,0.03999994310640339,0.05292685220132802,0.040000000000270076,0.15152299706395966,0.18355678560695185,0.4581940725174398,0.3582491418756082,1.0,1.0
0,0.019999937656281358,0.02424640671956706,0.03823294825973512,0.01613177846555745,0.06382698481235696,0.051490799954882184,0.5310671267995629,0.2496089197218325,0.21932395347860464,1.0,1.0
0,0.02,0.04,0.03999957314359586,0.08434347677631635,0.04,0.23940096513323061,0.05287869763802356,0.4281335570799098,0.5189877452820666,1.0,1.0
0,0.01999999999925518,0.022418865014651367,0.020000074959612233,0.11097763665924687,0.04,0.30238763276676633,0.037298153119652226,0.5865399017577257,0.3761619451226221,1.0,1.0
0,0.019999999999848018,0.039999999989283976,0.02000003587487618,0.1261351108102853,0.04000000020686728,0.3172318644910586,0.04232700542012643,0.6696110056587918,0.2880619889210817,1.0,1.0
0,0.01999997555354945,0.02526652254873475,0.03999999999989523,0.021607852639812263,0.06461665359123865,0.05346550939252973,0.5337581905372103,0.2848086859272245,0.1814331235355652,1.0,1.0
0,0.02,0.028083420990612402,0.039999693531724625,0.09542002678384012,0.04,0.28104300979368163,0.05254350961839091,0.5406854348736988,0.4067710555079102,1.0,1.0
0,0.019999913962413178,0.024088518791683666,0.04,0.02275042774660124,0.06704703132379855,0.0585546809370091,0.5279676160971509,0.31221082066430295,0.15982156323854613,1.0,1.0
0,0.01999998413955229,0.024337843801748478,0.04,0.027386094712822794,0.04,0.09151533419851257,0.299543903911256,0.3241080677555488,0.3763480283331952,1.0,1.0
0,0.019999995674062007,0.026296249031442332,0.03999999999999984,0.040633345041249394,0.06046026603462627,0.10444532114829615,0.22747950632186809,0.4554764376971228,0.31704405598100904,1.0,1.0
