,mu1,lam1,mu2,sigma2,mu3,sigma3,w1,w2,w3,Target,Stimulation
0,0.019999999692687682,0.026820137483373137,0.039999988466677856,0.03246864792620971,0.040000248931238616,0.13967497913896584,0.12679643937897941,0.2756660265315494,0.5975375340894711,1.0,1.0
0,0.019999964812160813,0.026477933801742164,0.04,0.029234308843304836,0.07750690271960686,0.07377931780824315,0.3615589645388289,0.37925233026623795,0.2591887051949331,1.0,1.0
0,0.01999993869444937,0.026871421062845104,0.039142900861319094,0.022647597658423675,0.055080163451966355,0.07482847768793328,0.36308382028532526,0.29397651787772333,0.34293966183695135,1.0,1.0
0,0.019999999999999907,0.02884517468470836,0.039999966299544575,0.06567402105424677,0.04,0.1774919540035193,0.13712279095545296,0.5326392405724885,0.33023796847205866,1.0,1.0
0,0.02,0.039999999756527856,0.03999992553873522,0.06293412935599188,0.04,0.16213253681974862,0.1283664118448367,0.48684151138318704,0.3847920767719762,1.0,1.0
0,0.02,0.03999999984511177,0.03999994937723279,0.07050630603286591,0.040000000967501184,0.19991423024904018,0.12059052142288687,0.6378341488060597,0.24157532977105345,1.0,1.0
0,0.01999998918312825,0.02703779801515726,0.04,0.029659776195467683,0.04,0.08944222106356464,0.3350810671846651,0.36733873191484845,0.2975802009004863,1.0,1.0
0,0.01999999505372541,0.02682481816420091,0.03999999000743128,0.037036519568923607,0.04000000004764315,0.10231063308710632,0.34133482432716167,0.45547759842138624,0.20318757725145198,1.0,1.0
0,0.019999999999875038,0.03999999034567309,0.03999969005844188,0.05983974809802908,0.04000000000006197,0.16908077559461743,0.11074259250246896,0.5164638743177487,0.3727935331797825,1.0,1.0
0,0.02,0.04,0.03999993213951079,0.061854132971121585,0.04,0.17640227275750436,0.13295154635113074,0.5448272751433585,0.3222211785055107,1.0,1.0
0,0.01999996599331947,0.027627690654765856,0.039999999799781014,0.044310392306079076,0.04000000450148411,0.13207572236301182,0.23601404385235805,0.4915330355848007,0.27245292056284115,1.0,1.0
0,0.019999792764790785,0.028432165836308414,0.0399999949307701,0.03035480630304216,0.040000065223988655,0.10552806978829637,0.2532027536541099,0.2953397043885284,0.45145754195736165,1.0,1.0
0,0.02,0.02866396227128554,0.039089580225393765,0.05657472313332314,0.04000000000143314,0.1455800611973379,0.24919602006464886,0.5765643794213179,0.1742396005140334,1.0,1.0
0,0.01999999999979929,0.03999999999988507,0.020000288968676457,0.10709762891036662,0.04,0.26533338249204325,0.042907715110079125,0.6663946864814047,0.2906975984085163,1.0,1.0
0,0.019999948273244673,0.02602720174916942,0.039999998907282126,0.042898990297876506,0.04000000021882045,0.11521720276525768,0.2541183043545266,0.4472913552811724,0.298590340364301,1.0,1.0
0,0.019999999885678764,0.027256515805956182,0.03999996866518511,0.02907249360996886,0.04000059721346349,0.10343954892868243,0.25104892673213225,0.3365952956948409,0.4123557775730268,1.0,1.0
0,0.019999999999910516,0.0329660882431117,0.039999999999869945,0.048712429759566606,0.04,0.13440308409519972,0.20665159448864462,0.4983258377034867,0.2950225678078687,1.0,1.0
0,0.019999979662177644,0.02881479751132018,0.04,0.0416844832404298,0.04000000000013104,0.13225467687235842,0.188515261448348,0.4291390304244337,0.38234570812721835,1.0,1.0
0,0.02,0.039999999999999945,0.039999964922129226,0.062290274231141765,0.04000000000000343,0.18178823491224283,0.13026271096928174,0.5543434104651604,0.3153938785655577,1.0,1.0
0,0.01999999999311385,0.0286852653717624,0.03999990234674536,0.046036286448051335,0.04000001594725444,0.12152955955731674,0.2264555863115783,0.4451558883457942,0.3283885253426274,1.0,1.0
0,0.02,0.039999999999999696,0.03999969465454278,0.059259764612650465,0.04,0.17346134968320456,0.1608713197633689,0.442313726263859,0.39681495397277217,1.0,1.0
0,0.01999998310048534,0.02718430754028884,0.039999999668932876,0.029599566514578676,0.040000000046418384,0.11414732101150023,0.23533034126625066,0.31155240212700563,0.4531172566067437,1.0,1.0
0,0.019999999995290996,0.030841181580357823,0.039999977751401086,0.05812221037435592,0.04000000000413513,0.18504701780635532,0.1354327367257031,0.5032112852539421,0.36135597802035485,1.0,1.0
0,0.019999938908964277,0.027779963436008897,0.03999999999999978,0.03587247837619868,0.0400000000108983,0.12180417017801096,0.19993151774226794,0.42095422939629185,0.3791142528614401,1.0,1.0
0,0.02,0.04,0.03999989316289808,0.07012735117258624,0.04,0.18566183881894513,0.12006795853200926,0.5393845678719169,0.34054747359607385,1.0,1.0
0,0.019999989640581774,0.025629921770887437,0.04,0.03893724368138963,0.04000000005662288,0.12112412757954429,0.1990178169451072,0.4674733486055966,0.33350883444929624,1.0,1.0
0,0.02,0.04,0.0399998856111177,0.06865241225026847,0.04,0.1919068140427001,0.13180126454923852,0.5334856434604838,0.3347130919902777,1.0,1.0
0,0.0199999997742607,0.0399962396816798,0.03999868315770946,0.03544073648299106,0.04000000000381035,0.1314085830744704,0.15569177872807602,0.3813521457774691,0.462956075494455,1.0,1.0
0,0.01999947281913445,0.026024467165442516,0.03999684910636873,0.021004337707360342,0.040000001420834305,0.09211092057545095,0.33212094930257424,0.2705416130478209,0.3973374376496049,1.0,1.0
0,0.019999885861406757,0.03172928381043663,0.03999999999999998,0.03493285008586703,0.04,0.11856790057641574,0.2077481416419163,0.382760378425538,0.4094914799325458,1.0,1.0
0,0.02,0.02613914750955201,0.020000227256997568,0.10529290823546031,0.040000077041581435,0.2585572657087975,0.1498488069097364,0.7263399824368575,0.12381121065340617,1.0,1.0
0,0.019999989363630805,0.026343327521261357,0.039999992139833615,0.046235284947550935,0.04000000923028705,0.12561599804185103,0.2150617035580445,0.49077393499667726,0.29416436144527836,1.0,1.0
0,0.02,0.03999999998570218,0.02000700582601615,0.09151324033143098,0.040000000000228846,0.21356440613734107,0.1286541493440771,0.6143863885134133,0.25695946214250953,1.0,1.0
0,0.019999999999999837,0.02574709780925222,0.03999996773361126,0.02903194844404948,0.04000000000323017,0.09966258763639085,0.27669881661868,0.3114072636077204,0.41189391977359974,1.0,1.0
0,0.019994426690082865,0.030543615068453468,0.022114347777676707,0.10064610484745429,0.04298965055295007,0.22074417377046401,0.08145657889631576,0.7180289610111035,0.20051446009258073,1.0,1.0
0,0.019999999813595896,0.028807742561379607,0.03999995927895118,0.04451056273931131,0.04000000000164259,0.1162044889041618,0.2287570932859687,0.40252132991242456,0.3687215768016068,1.0,1.0
0,0.019999999999998602,0.028122611200048005,0.03999997008879487,0.047411487685708534,0.04,0.15516047550592066,0.10378411565313714,0.38136949877593285,0.51484638557093,1.0,1.0
0,0.02,0.029883332724852538,0.03999986939007398,0.06367651200470525,0.04,0.17492535595870315,0.13491299886739602,0.47216797835761876,0.39291902277498536,1.0,1.0
0,0.019999999954083206,0.03999998511535019,0.03999987043322996,0.047999654172137404,0.040001023459071895,0.12660899866386816,0.21839739700535363,0.5041376744961729,0.2774649284984736,1.0,1.0
0,0.01999992630061211,0.026979053182641034,0.039999919564703945,0.05092689445825596,0.04000206672789789,0.14024810263435178,0.1716343346331429,0.40617775841012044,0.4221879069567367,1.0,1.0
0,0.01999998548125883,0.025676739237981413,0.04,0.028716389764091868,0.04,0.08995020202349009,0.3348703672148831,0.3310845646849628,0.33404506810015394,1.0,1.0
0,0.02,0.039999999999999994,0.03999994114429809,0.060944993917855364,0.040000000094874776,0.15623626826882805,0.1775552063234697,0.5438136826341036,0.2786311110424269,1.0,1.0
0,0.019999980699186213,0.030204716003762497,0.039999999301390726,0.041521234289498686,0.04000000254756702,0.10269515576923277,0.31664621994065834,0.4676322495157637,0.2157215305435779,1.0,1.0
0,0.01999996121611805,0.02525145678880558,0.04,0.03657966566526183,0.0400000000371642,0.12227227750188996,0.20891930809437154,0.43606478382097097,0.35501590808465755,1.0,1.0
0,0.019999999947629236,0.03268757068793695,0.03999880620926433,0.04885113347156568,0.04000000000002516,0.13931755276443517,0.20638909186482526,0.4665251330473632,0.32708577508781145,1.0,1.0
0,0.02,0.026858662896840222,0.03999991469855816,0.04272257145595244,0.04,0.1313433265400249,0.1874101293996084,0.4982304877460887,0.3143593828543028,1.0,1.0
0,0.019999999629706885,0.03157396926365746,0.03999996969454426,0.0567388388737165,0.040000004217241834,0.1472994639500236,0.19650344511739476,0.4951040041889446,0.3083925506936605,1.0,1.0
0,0.01999997219539794,0.026059223591647602,0.03999999822429834,0.03677821972140671,0.04000019533445988,0.11597266225455662,0.18967545506578762,0.37090135572710364,0.4394231892071088,1.0,1.0
0,0.019999999999999622,0.029127399600049148,0.03999975870883371,0.03409786988711809,0.04000000000000001,0.1150926226268004,0.26012643617448544,0.3976969816695105,0.342176582156004,1.0,1.0
0,0.01999998020154476,0.02698647775767946,0.03999999999753954,0.05234156031795455,0.04000014915139987,0.14086459658518516,0.17925837677373635,0.5410789276848617,0.279662695541402,1.0,1.0
0,0.019999999975999952,0.027844266738610818,0.03999998605480475,0.027712274566725037,0.04000000000000003,0.10441942930178405,0.2374025468770273,0.37028273104454573,0.3923147220784271,1.0,1.0
0,0.01999962595610484,0.028745783244165858,0.03999919036988608,0.04577952431157371,0.040076718262900234,0.11659879782632956,0.24519584764980237,0.5088563341886227,0.24594781816157485,1.0,1.0
0,0.019999988392599418,0.029021565850030382,0.04,0.044961351203477704,0.08395043312204267,0.1085605770060227,0.21880761671483756,0.47287974621773554,0.308312637067427,1.0,1.0
0,0.01999998182363829,0.029467002824949087,0.03999991196033242,0.058655551082501464,0.04000698351002681,0.14050061092083097,0.1989192654052672,0.5463640190666339,0.2547167155280989,1.0,1.0
0,0.01999999784977739,0.02756279503620773,0.03999997461285513,0.04460949455122313,0.04000000000001856,0.11860619689823919,0.2660541396163706,0.468094581567624,0.26585127881600545,1.0,1.0
0,0.019999993931590198,0.03066771804914676,0.03999999987455111,0.04478825628150386,0.04000000018229647,0.12300704826554773,0.2709166513664771,0.47965611783934886,0.24942723079417412,1.0,1.0
0,0.019999970528877916,0.0261588444561178,0.04,0.04168280962419334,0.040000000000003304,0.1249452313698196,0.17896827592590772,0.45402179324534864,0.36700993082874367,1.0,1.0
0,0.01999999999933918,0.02889885754728219,0.03999995917346865,0.047079197807411786,0.040000000113818844,0.12338433603812433,0.2701605249346814,0.4945251322268988,0.23531434283841984,1.0,1.0
0,0.0199999999999998,0.028197748897728893,0.03999992766127961,0.05856673165434857,0.040001211592125226,0.1502814681244108,0.2364348025598857,0.5589771814584034,0.20458801598171075,1.0,1.0
0,0.019999988559624832,0.02908104017811197,0.04,0.04069573146270319,0.040000000000000015,0.1258093470457914,0.2073274178827439,0.41266877952523795,0.38000380259201827,1.0,1.0
0,0.02,0.023076187893581467,0.03999996947803544,0.02461659383212046,0.04,0.09981712909286052,0.24684425603095425,0.3247613047943909,0.4283944391746548,1.0,1.0
0,0.019999999999997565,0.03250466338772637,0.03999996029204237,0.05121716590779789,0.04000000000000027,0.13662929002022922,0.1855944147990752,0.48418607088818444,0.3302195143127404,1.0,1.0
0,0.02,0.04,0.03999967089400269,0.057112606049277696,0.04,0.13935222918601137,0.19195971127376302,0.49546208244889356,0.31257820627734334,1.0,1.0
0,0.019999977124385813,0.027979730257449785,0.03999999999191477,0.04353823416570453,0.040000000002542814,0.11496814285550291,0.26214346380515213,0.47029352628603793,0.26756300990880977,1.0,1.0
0,0.019999999999902564,0.029175039463178495,0.03999994506012239,0.04830513183870531,0.040000005086478385,0.13102687668707966,0.21547484252214238,0.4483856331888608,0.3361395242889967,1.0,1.0
0,0.019999993483948826,0.026556431158152247,0.039999999829265775,0.042623843661483925,0.04000000034244761,0.12740026459215587,0.18625649065093694,0.45882805204643384,0.3549154573026292,1.0,1.0
0,0.019999979922967037,0.026210930609776428,0.03999999999029549,0.035367969794682486,0.04000002543744015,0.11144562322989308,0.26368223432241034,0.39829735058390453,0.33802041509368513,1.0,1.0
0,0.019999969795065325,0.0270693437395597,0.03999999999999686,0.036227937072998866,0.0400000000003798,0.10364286693872465,0.2506741902762954,0.38542535931774485,0.36390045040595975,1.0,1.0
0,0.019999999999976013,0.03275398992107238,0.03999997134020773,0.057576100229995396,0.040000000000000244,0.14495255739756327,0.22184952699368837,0.5322631703670452,0.2458873026392664,1.0,1.0
0,0.019999983371840162,0.02565269069543137,0.03999999999999999,0.02759919251547749,0.04,0.09010432918867214,0.34695839320181326,0.3607939270234123,0.29224767977477434,1.0,1.0
0,0.02,0.030860514353834297,0.03999998300761836,0.045310031080011005,0.04,0.14983252063994495,0.1447515677085411,0.39314285541103006,0.46210557688042886,1.0,1.0
0,0.01999999999998765,0.030475814213136544,0.039999973188459166,0.04948785588109576,0.040000000000000216,0.1374539672245776,0.23683888717590726,0.48284909184725194,0.28031202097684094,1.0,1.0
0,0.019999933293766307,0.02885900780811411,0.039998851994010036,0.04559141028387244,0.04001130308920741,0.11986499089014964,0.2569846582578527,0.45593267880891103,0.28708266293323625,1.0,1.0
0,0.02,0.03173825864455646,0.03999986825968077,0.0648783739867293,0.04,0.18505398415830573,0.16185959497242933,0.5938099285163916,0.2443304765111791,1.0,1.0
0,0.019999999985612117,0.03999893434012318,0.039995865132619185,0.06565456133158076,0.04000000000000285,0.18818927171226976,0.130848936038113,0.5467495320367015,0.3224015319251854,1.0,1.0
0,0.019999988100709146,0.028104816667026977,0.03999999999999924,0.039409762228973536,0.08346556686061973,0.0817125499894023,0.34363116558984175,0.4846724035271709,0.17169643088298714,1.0,1.0
0,0.01999999999935465,0.030434140623238248,0.03999724445308459,0.0721218135423318,0.04008082965675517,0.1929988097186107,0.15238824877333915,0.568238422847407,0.2793733283792538,1.0,1.0
0,0.02,0.04,0.02000002562020305,0.10871385187668355,0.04000312107150282,0.26342668588221324,0.13906339781276258,0.7629033441734062,0.09803325801383116,1.0,1.0
0,0.01999998088179976,0.028337639497066826,0.03999999999945826,0.031509724566102536,0.04000000009326964,0.11076093487442193,0.22753428470383621,0.2986525159615178,0.47381319933464605,1.0,1.0
0,0.019999988291501472,0.027011250429074058,0.03999999999999995,0.03691966812568472,0.04000000041217774,0.11332903791905563,0.19933483403726496,0.37972642392839734,0.42093874203433773,1.0,1.0
0,0.01999999999975867,0.02804965667896266,0.03999998571763288,0.048655794090439256,0.04,0.1658339289258453,0.1305819399591861,0.37004108795959234,0.4993769720812215,1.0,1.0
0,0.02,0.04,0.039999856514043135,0.08047077693082963,0.04,0.21221934184788854,0.14161222148051994,0.6196773155700976,0.2387104629493825,1.0,1.0
0,0.01999999999937465,0.030377461295827225,0.03999999197815522,0.05335956400903877,0.040000003848076685,0.14071968560158415,0.19872999384345696,0.5724545909890093,0.22881541516753376,1.0,1.0
0,0.01999999442673005,0.027081749638804244,0.04,0.035684417888920246,0.040000086522465304,0.12278272808857643,0.2222266029001382,0.3673500739646437,0.4104233231352182,1.0,1.0
0,0.02,0.028857428003454418,0.03999996564062461,0.06884770754429631,0.0400000000000002,0.1983414495620709,0.15648171452225687,0.5254961466225332,0.3180221388552098,1.0,1.0
0,0.01999998654095115,0.029717020736788842,0.04,0.03680649268620469,0.04000000064179039,0.1144267121190509,0.2191738465005494,0.3488023804467186,0.43202377305273204,1.0,1.0
0,0.02,0.04,0.03999996334151026,0.0605737698387314,0.04,0.16823747214869578,0.10336924624113901,0.4715942186785278,0.4250365350803331,1.0,1.0
0,0.019999999999485662,0.03999999999787113,0.039999969690146346,0.052175804172599254,0.04000000020820838,0.15986228514577344,0.1217538449738836,0.4166571017327322,0.46158905329338434,1.0,1.0
0,0.02,0.028491400494990396,0.03999865448341947,0.05392748696939958,0.04,0.13324203281055597,0.22651567754979723,0.5058344310232521,0.2676498914269507,1.0,1.0
0,0.019999861710244118,0.029833732272326007,0.0399988939467763,0.048709363252795436,0.04005113624074503,0.12201921916623527,0.22603023843039277,0.4765218153357834,0.2974479462338238,1.0,1.0
0,0.02,0.02600939114681138,0.039999855225561806,0.07651753120560265,0.04,0.22048600290330714,0.1359958706862558,0.6188561441837357,0.24514798513000863,1.0,1.0
0,0.02,0.039999999999997246,0.0200011744023053,0.08543570042629807,0.04,0.19571437504317368,0.1212195901008266,0.6014209539091282,0.27735945599004513,1.0,1.0
0,0.019999893431658432,0.0297019438727099,0.03999971438843258,0.047731309347481106,0.04002064972568248,0.1327266824472254,0.21412457502103727,0.5071719675161604,0.2787034574628022,1.0,1.0
0,0.02,0.04,0.039999950952733065,0.06269450914459167,0.04,0.17838054091979302,0.13582273083520716,0.472068187986522,0.3921090811782708,1.0,1.0
0,0.019999956163952864,0.026721142837401318,0.03999999999999999,0.04117324537609547,0.0400000884848773,0.12225920657793897,0.21566926651707552,0.4512926470051319,0.33303808647779254,1.0,1.0
0,0.02,0.04,0.0393120769417802,0.08836726403306414,0.04000000002364384,0.20314219786791834,0.18639204012131722,0.60817632330872,0.20543163656996283,1.0,1.0
0,0.01999996624424873,0.029027414524287296,0.0399999999606055,0.047686350324355656,0.07947996661249834,0.11902545695565254,0.23530606233840162,0.49960321002004404,0.2650907276415542,1.0,1.0
0,0.019999999999147564,0.03142817023430688,0.03999998852976085,0.059488060544971445,0.04000000000000037,0.1707025210244255,0.15741173816195253,0.4642735236190445,0.378314738219003,1.0,1.0
0,0.01999999576201253,0.028690611811117667,0.03999999642863663,0.048295008074817326,0.04000004755404935,0.12754113974439998,0.22134369392591596,0.49659657182995803,0.28205973424412595,1.0,1.0
0,0.019999999999889422,0.02923619499843536,0.03999973118282343,0.05683877805458614,0.04000000004655713,0.15062793213370979,0.22013203057795697,0.559906841496717,0.21996112792532602,1.0,1.0
0,0.019999999938738293,0.039996380170157615,0.03999711175313365,0.04643794198284469,0.04000000000048388,0.13587380591577305,0.20116013931710355,0.4941954120325399,0.3046444486503564,1.0,1.0
0,0.02,0.031712081995986546,0.03999995476263392,0.066914884841486,0.04,0.16490969955638193,0.17038987188741533,0.45971855644910997,0.36989157166347464,1.0,1.0
0,0.019998058445195706,0.025112071073204213,0.03979280583850501,0.018740444982735912,0.07322803880240047,0.06094463647681104,0.39089130066001665,0.2652602602079596,0.3438484391320238,1.0,1.0
0,0.019999999999119267,0.027554224756788585,0.039999949044032514,0.057673686423774455,0.04000000000000155,0.1737739145556872,0.12833851160039206,0.4875107957038265,0.38415069269578145,1.0,1.0
0,0.019999987888199885,0.025677714563012332,0.04,0.03159049346203277,0.04000000000000255,0.09306878287787082,0.33685918967195433,0.3768744631035499,0.28626634722449584,1.0,1.0
0,0.019999862309885305,0.025983380826054097,0.03999999377392372,0.034592202980314006,0.04000000011245487,0.11669669859031598,0.27344531476768236,0.42108340755304746,0.3054712776792703,1.0,1.0
0,0.019999999753139885,0.02933500895808128,0.03999993728901889,0.06658469294538394,0.040000000001414654,0.1851866079143883,0.11610491401330195,0.49809801308590695,0.3857970729007911,1.0,1.0
0,0.019999994707233692,0.025389609316713697,0.04,0.029615260692456794,0.04,0.09361559209715356,0.3415874453426905,0.3808883625354055,0.277524192121904,1.0,1.0
0,0.019999967275243568,0.02756406477300728,0.03999998123093385,0.050713026772882176,0.04000000000007602,0.16867001570506276,0.09733529229550358,0.4621797801444275,0.44048492756006896,1.0,1.0
0,0.01999996873769782,0.02679652420233647,0.04,0.022892449910810724,0.04,0.084902640735473,0.34757335341553086,0.30087628347156475,0.35155036311290433,1.0,1.0
0,0.02,0.029237020877371584,0.039999978724384294,0.05947117305806887,0.04,0.165028347223069,0.13780725055386378,0.4626587081882641,0.3995340412578721,1.0,1.0
0,0.019999985139163477,0.026606932511135634,0.04,0.03294883235415078,0.04,0.08693725943411261,0.3617939507904369,0.3496400463686991,0.28856600284086403,1.0,1.0
0,0.02,0.028402379406660547,0.03999994593625723,0.0693479578809745,0.04,0.1815049573659521,0.13909413683941552,0.5627982725144,0.2981075906461847,1.0,1.0
0,0.01999997071297233,0.024625487250380555,0.03999999999991783,0.026333996922232473,0.040000000002201185,0.0837442823291451,0.33395406243632436,0.3227054746780967,0.34334046288557896,1.0,1.0
0,0.019999999991146718,0.029350472127290254,0.03999962402316172,0.046666992931379096,0.04000000000207995,0.15093574398527898,0.1217991248472955,0.3823619665162871,0.4958389086364174,1.0,1.0
0,0.01999999157328536,0.031885896910067456,0.04,0.037445733644867626,0.04,0.10437321145806773,0.23541379587832673,0.4102632931327806,0.35432291098889274,1.0,1.0
0,0.019999998400926245,0.03196842360548202,0.03999999372741826,0.04635285742201802,0.04000000003864465,0.1254952457406784,0.21866483646385312,0.47443270610622507,0.30690245742992184,1.0,1.0
