,mu1,lam1,mu2,sigma2,w1,w2,Target,Stimulation
0,0.03102695052891069,0.024090980179037883,4.39944829028422e-06,0.05906272021110912,0.6332580678525401,0.3667419321474599,0.0,0.0
0,0.030659497225674723,0.02476541000409776,3.948738234739561e-12,0.05977045194637859,0.6846601885370963,0.31533981146290363,0.0,0.0
0,0.03292458508651549,0.024069724923197363,0.04802268706602339,0.026694362922391003,0.7736048011870761,0.22639519881292397,0.0,0.0
0,0.0331751151284999,0.02311464184890893,0.04681547510337922,0.029019645495685142,0.7801104697669551,0.2198895302330448,0.0,0.0
0,0.04568455082969605,0.026881646936747498,0.000106092701038249,0.08231741533039645,0.5591700179555353,0.4408299820444646,0.0,0.0
0,0.0445587292090579,0.026782016988600714,0.033036049440022565,0.07881303012183138,0.5343845973718021,0.4656154026281978,0.0,0.0
0,0.053675658893501156,0.027549270204537943,0.05405234844973224,0.058015959000502604,0.6300634443597075,0.3699365556402924,0.0,0.0
0,0.051326976183600284,0.027511405506113223,0.015997063500575136,0.08799330751362339,0.5226015762163914,0.47739842378360864,0.0,0.0
0,0.04917865497742855,0.027930667527566056,0.05118603080942244,0.059941521827077716,0.6044950562885469,0.39550494371145306,0.0,0.0
0,0.06657317880869408,0.030174793633556827,0.02362258396528997,0.10302149606684416,0.46023304318424446,0.5397669568157556,0.0,0.0
0,0.05821168392776536,0.029526198047066198,0.00311136414500786,0.11188065916881491,0.4006370437788117,0.5993629562211884,0.0,0.0
0,0.06330699754484817,0.033959196500324494,1.6601497635078124e-07,0.12980501884156978,0.4497226057271006,0.5502773942728995,0.0,0.0
0,0.07365485398120473,0.026754317927112154,2.706528952615945e-07,0.13171360078663147,0.3614070747892329,0.638592925210767,0.0,0.0
0,0.09457215459004469,0.03782945553694669,1.3190471720177873e-07,0.15610453197307905,0.3930531324137002,0.6069468675862997,0.0,0.0
0,0.07675474575476834,0.033550998614854284,1.4927192473833777e-06,0.12461506564613441,0.42285158080624735,0.5771484191937527,0.0,0.0
0,0.07870975981736415,0.032704404256354826,4.948710923747242e-07,0.11702981269776139,0.40902087332889825,0.5909791266711018,0.0,0.0
0,0.06854374927245872,0.03317301443392513,2.188868063630157e-07,0.12891634699259744,0.4272419302756875,0.5727580697243125,0.0,0.0
0,0.06652018542862743,0.02812669181453048,2.1819320807229327e-07,0.12528449750439202,0.453770161659707,0.5462298383402929,0.0,0.0
0,0.0728988699769132,0.03142693217662075,7.799699579990861e-07,0.12298892950632312,0.42219318208911555,0.5778068179108844,0.0,0.0
0,0.060876809638189505,0.02909048996179075,0.0018831190555697102,0.1185910031079613,0.416580401233333,0.5834195987666672,0.0,0.0
0,0.058869295668612376,0.02723382278711007,1.7427219186926898e-07,0.1254262168935593,0.4035533593187036,0.5964466406812964,0.0,0.0
0,0.07298587435693109,0.03400147783680728,0.004967654423344071,0.11120725808926092,0.42618150830484636,0.5738184916951536,0.0,0.0
0,0.044499194140684345,0.026321858086769262,3.2930606707936716e-05,0.08167551178242415,0.5249846710757828,0.4750153289242171,0.0,0.0
0,0.04083684153458061,0.02496387723710323,0.05108877718842225,0.051276930583326503,0.7058264368203353,0.2941735631796646,0.0,0.0
0,0.05805228878209513,0.029574405645279144,0.0031467572556967294,0.10146453379659008,0.443930230460436,0.556069769539564,0.0,0.0
0,0.04035130641736796,0.02368502160860434,8.827915734207664e-05,0.07350870428608931,0.5633158626043824,0.4366841373956177,0.0,0.0
0,0.04197365324341887,0.024825369651711775,0.05720973840915831,0.040125246851967826,0.6785480403814189,0.321451959618581,0.0,0.0
0,0.0428492717821598,0.024805490749675946,0.05236475220885794,0.04796819881449608,0.6424529503733395,0.3575470496266604,0.0,0.0
0,0.04325468856648306,0.025143229195868484,0.051264010808777405,0.05226141200802141,0.6687376675289932,0.3312623324710067,0.0,0.0
0,0.04080799128133939,0.023511679826010608,0.05295058124615085,0.042380748575806135,0.6510074090531953,0.3489925909468047,0.0,0.0
0,0.04662252192985325,0.026143944926781765,0.04031525139590498,0.08048038738764492,0.5758101428982343,0.4241898571017656,0.0,0.0
0,0.04172913337077654,0.026921882788129105,9.185928682352774e-05,0.07888338362518293,0.5799117699719041,0.4200882300280959,0.0,0.0
0,0.042627776901759784,0.025875270188651968,0.05557941024784585,0.04856849502360622,0.6951072425116253,0.30489275748837474,0.0,0.0
0,0.040851430163242414,0.02631612609588363,8.51839442650222e-05,0.07256425943406362,0.6506060742684027,0.3493939257315972,0.0,0.0
0,0.04434863478275378,0.026510073707982678,0.0561902729343438,0.04283369132175716,0.6744655209053928,0.32553447909460714,0.0,0.0
0,0.05501260616991493,0.02763846243448016,0.04805136532752022,0.07066506122100594,0.5332282557796382,0.46677174422036183,0.0,0.0
0,0.05661112988186409,0.028843781503411815,0.030862961058018324,0.0908208557974832,0.4891025553650513,0.5108974446349488,0.0,0.0
0,0.06116019235165794,0.030667707042332185,0.03180692768547806,0.09816099411466052,0.5264317431802513,0.4735682568197486,0.0,0.0
0,0.06018604858794555,0.03886057383650108,2.0832204034724146e-07,0.13302717673885306,0.48912298666124393,0.5108770133387561,0.0,0.0
0,0.07282031181714309,0.026816875753510248,0.023181389741107988,0.11336421685733772,0.43403569332481357,0.5659643066751864,0.0,0.0
0,0.07203772747160944,0.03243584454251266,2.6960291718534926e-07,0.12731644124818506,0.4206304727837359,0.5793695272162641,0.0,0.0
0,0.0747365710011919,0.030188596063857556,1.7178266603475218e-07,0.13322738712399246,0.39679011608016707,0.6032098839198328,0.0,0.0
0,0.0728024914078315,0.026865608537969488,3.0074782982829886e-07,0.12878475122167782,0.3578298530493687,0.6421701469506313,0.0,0.0
0,0.07907441038755819,0.03607350857441915,5.109987153750599e-07,0.14903906557048474,0.4484209980101304,0.5515790019898696,0.0,0.0
0,0.07155634258370001,0.02772914834240693,0.02488663694502108,0.10496371629235995,0.4253575226181173,0.5746424773818828,0.0,0.0
0,0.07861564058729069,0.03321825299851899,0.006833919668736849,0.1158949750201452,0.42361308794130004,0.5763869120587,0.0,0.0
0,0.07861656348748469,0.030334097190409026,2.260885888884433e-06,0.12327435326971072,0.34253267604404397,0.6574673239559561,0.0,0.0
0,0.06313136407311934,0.03006138764815304,9.299950533411584e-06,0.11844248048998869,0.4080503418383114,0.5919496581616887,0.0,0.0
0,0.05681743812397205,0.02842144423122495,1.299281524724562e-06,0.11919185941546044,0.4231156171385939,0.5768843828614061,0.0,0.0
0,0.05110120036409591,0.0274491043160313,0.03570894568526657,0.08202959953609659,0.5736726001494756,0.42632739985052437,0.0,0.0
0,0.04368149392561726,0.025635532976570483,0.055489047550485,0.055897378474474665,0.6784505178918091,0.32154948210819084,0.0,0.0
0,0.032335135511934184,0.02177201148407797,0.048082859520720334,0.029174063737491825,0.7349377978704889,0.26506220212951115,0.0,0.0
0,0.040628971604585735,0.025659437853722225,0.052990924508803806,0.04104551753879536,0.7079484951144085,0.29205150488559156,0.0,0.0
0,0.03401022126953059,0.02387128186860664,0.0474362032490555,0.02974815711079557,0.7981483375211113,0.2018516624788886,0.0,0.0
0,0.034145669661665635,0.023177433950515004,0.047043698624407465,0.02990054751104191,0.743820807932596,0.2561791920674041,0.0,0.0
0,0.03556004977415481,0.02309558268133024,0.04615816556428575,0.02924984562827158,0.734802492591834,0.265197507408166,0.0,0.0
0,0.03272965041424608,0.02588299038460095,0.0002110410924095316,0.06100991556618749,0.6786441764783626,0.32135582352163733,0.0,0.0
0,0.03846886207757481,0.02445364806441235,0.04829580288782636,0.04068537129280477,0.6721149628487697,0.32788503715123024,0.0,0.0
