,mu1,lam1,mu2,sigma2,mu3,sigma3,w1,w2,w3,Target,Stimulation
0,0.09996429002817422,0.03999999999996669,3.2965981048931386e-205,0.09465972736269303,0.5999999925971529,0.00010000000000001293,0.7754587049559749,0.22454129504402515,8.28645474627884e-189,0.0,0.0
0,0.09999999999999998,0.03999991047758384,2.022434153378438e-07,0.12551198325019047,0.10000012990149815,0.27693803792376204,0.19871476212333752,0.4511186855938961,0.3501665522827663,1.0,1.0
0,0.07909699160107618,0.017745766152336827,0.03477573569545612,0.12539338173718947,0.1000184444821825,0.3010544274556117,0.19304628252703637,0.5110170727042929,0.2959366447686708,1.0,1.0
0,0.09999999989877302,0.01973532373444888,1.8993103657739238e-14,0.1359234300848891,0.10000020503907543,0.3265580547019174,0.07345627886218191,0.513832214756803,0.4127115063810153,1.0,1.0
0,0.09999999876917644,0.010000008467835554,4.961220512265724e-16,0.11609385790382624,0.10000001575951928,0.3015654480520811,0.03996987548447079,0.4812796832369387,0.47875044127859046,1.0,1.0
0,0.08429351682611658,0.026168368511266832,6.424867266793524e-15,0.11704032148084553,0.10000161778999392,0.2387096267907122,0.2134442373783471,0.5302117566346015,0.2563440059870514,1.0,1.0
0,0.05797748015564373,0.039999987308455685,2.1215884291962536e-25,0.17824620051047918,0.10000000029507669,0.4325577992166352,0.05079799127528841,0.48622325294529845,0.4629787557794131,1.0,1.0
0,0.08516109510328786,0.039999999584134,6.2002318739809e-11,0.19494994254530548,0.10001282037088231,0.3995765613189128,0.18999109190880986,0.6404637139645601,0.16954519412662997,0.0,0.0
0,0.1,0.022407691127793256,7.456501674668877e-14,0.1512820603703038,0.10000024941508931,0.36810144329124644,0.0675734590697763,0.35697157047665984,0.5754549704535638,0.0,0.0
0,0.09999985787111536,0.032338957159445916,1.1740127421782893e-19,0.16423720834857536,0.10000001847440497,0.43759973419079173,0.09304093850237487,0.527100936694582,0.3798581248030432,0.0,0.0
0,0.09999985787111536,0.032338957159445916,1.1740127421782893e-19,0.16423720834857536,0.10000001847440497,0.43759973419079173,0.09304093850237487,0.527100936694582,0.3798581248030432,0.0,0.0
0,0.09999985787111536,0.032338957159445916,1.1740127421782893e-19,0.16423720834857536,0.10000001847440497,0.43759973419079173,0.09304093850237487,0.527100936694582,0.3798581248030432,0.0,0.0
0,0.09999985787111536,0.032338957159445916,1.1740127421782893e-19,0.16423720834857536,0.10000001847440497,0.43759973419079173,0.09304093850237487,0.527100936694582,0.3798581248030432,0.0,0.0
0,0.09999985787111536,0.032338957159445916,1.1740127421782893e-19,0.16423720834857536,0.10000001847440497,0.43759973419079173,0.09304093850237487,0.527100936694582,0.3798581248030432,0.0,0.0
0,0.09999985787111536,0.032338957159445916,1.1740127421782893e-19,0.16423720834857536,0.10000001847440497,0.43759973419079173,0.09304093850237487,0.527100936694582,0.3798581248030432,0.0,0.0
0,0.09999985787111536,0.032338957159445916,1.1740127421782893e-19,0.16423720834857536,0.10000001847440497,0.43759973419079173,0.09304093850237487,0.527100936694582,0.3798581248030432,0.0,0.0
0,0.09999581162442549,0.039999999999549715,2.6195985100839672e-11,0.24533417719689576,0.5852402454991957,0.3178544224253586,0.09542931673895823,0.8068730487555126,0.09769763450552929,1.0,1.0
0,0.08282351885898148,0.0337424561459173,0.0881148364984622,0.12054807609865123,0.10001023390682592,0.3910495058454707,0.1385989728642037,0.3206450931458109,0.5407559339899854,1.0,1.0
0,0.0847980953452064,0.024653739076471205,1.5688257526281003e-08,0.22849220860977323,0.26437898507714214,0.49999961959566713,0.10512815471400525,0.6633251056023055,0.23154673968368927,1.0,1.0
0,0.09686814848808163,0.03908871185285041,1.4822860076241365e-05,0.2497067282500048,0.21034731612989777,0.4998915775153645,0.1091614586626183,0.6960069114172345,0.19483162992014708,1.0,1.0
0,0.09999999915567068,0.04,1.107086176148949e-52,0.2345296461683867,0.5999952398445262,0.318408621208595,0.09012968049785834,0.816865698002003,0.09300462150013863,1.0,1.0
0,0.07159629213655913,0.018433334847176297,1.2557597620550369e-06,0.23702862794524177,0.27289419940402604,0.49992202336758085,0.0911098002919745,0.7121557140424867,0.1967344856655387,1.0,1.0
0,0.08465955462354215,0.018349068370916072,1.8647265941826462e-10,0.15310168061496307,0.10000131715483147,0.3543332607970813,0.09359145220025625,0.47954702647113084,0.426861521328613,1.0,1.0
0,0.08465955462354215,0.018349068370916072,1.8647265941826462e-10,0.15310168061496307,0.10000131715483147,0.3543332607970813,0.09359145220025625,0.47954702647113084,0.426861521328613,1.0,1.0
0,0.08465955462354215,0.018349068370916072,1.8647265941826462e-10,0.15310168061496307,0.10000131715483147,0.3543332607970813,0.09359145220025625,0.47954702647113084,0.426861521328613,1.0,1.0
0,0.08465955462354215,0.018349068370916072,1.8647265941826462e-10,0.15310168061496307,0.10000131715483147,0.3543332607970813,0.09359145220025625,0.47954702647113084,0.426861521328613,1.0,1.0
0,0.08465955462354215,0.018349068370916072,1.8647265941826462e-10,0.15310168061496307,0.10000131715483147,0.3543332607970813,0.09359145220025625,0.47954702647113084,0.426861521328613,1.0,1.0
0,0.08465955462354215,0.018349068370916072,1.8647265941826462e-10,0.15310168061496307,0.10000131715483147,0.3543332607970813,0.09359145220025625,0.47954702647113084,0.426861521328613,1.0,1.0
0,0.08465955462354215,0.018349068370916072,1.8647265941826462e-10,0.15310168061496307,0.10000131715483147,0.3543332607970813,0.09359145220025625,0.47954702647113084,0.426861521328613,1.0,1.0
